302658.8160728428	4124493.1439842242	28.3455405713
302658.9494927429	4124492.6621138267	28.3457646934
302659.0829126430	4124492.1802434293	28.3459888155
302659.2163325432	4124491.6983730318	28.3462129376
302659.3497524433	4124491.2165026339	28.3464370597
302659.4831723434	4124490.7346322364	28.3466611818
302659.6165922435	4124490.2527618390	28.3468853039
302659.7500121436	4124489.7708914415	28.3471094260
302659.8496078794	4124489.2809111527	28.3470311908
302659.9492036151	4124488.7909308639	28.3469529556
302660.0487993507	4124488.3009505752	28.3468747203
302660.1483950865	4124487.8109702868	28.3467964851
302660.2479908222	4124487.3209899981	28.3467182499
302660.3475865579	4124486.8310097093	28.3466400146
302660.4471822936	4124486.3410294205	28.3465617794
302660.5467780294	4124485.8510491317	28.3464835442
302660.6463737650	4124485.3610688434	28.3464053089
302660.7459695007	4124484.8710885546	28.3463270737
302660.8455652365	4124484.3811082658	28.3462488385
302660.9451609722	4124483.8911279771	28.3461706032
302661.0447567079	4124483.4011476883	28.3460923680
302661.1443524436	4124482.9111674000	28.3460141328
302661.2439481793	4124482.4211871112	28.3459358975
302661.3435439150	4124481.9312068224	28.3458576623
302661.4448425750	4124481.4415758261	28.3455948561
302661.5461412349	4124480.9519448299	28.3453320498
302661.6474398949	4124480.4623138336	28.3450692436
302661.7487385548	4124479.9726828374	28.3448064373
302661.8500372148	4124479.4830518416	28.3445436311
302661.9513358747	4124478.9934208454	28.3442808248
302662.0526345347	4124478.5037898491	28.3440180186
302662.1539331946	4124478.0141588529	28.3437552123
302662.2552318546	4124477.5245278566	28.3434924061
302662.3565305145	4124477.0348968604	28.3432295999
302662.4578291745	4124476.5452658641	28.3429667936
302662.5591278345	4124476.0556348683	28.3427039874
302662.6604264944	4124475.5660038721	28.3424411811
302662.7449960002	4124475.0732077709	28.3423996530
302662.8295655060	4124474.5804116703	28.3423581248
302662.9141350117	4124474.0876155696	28.3423165967
302662.9987045176	4124473.5948194689	28.3422750685
302663.0832740233	4124473.1020233678	28.3422335404
302663.1678435291	4124472.6092272671	28.3421920122
302663.2524130348	4124472.1164311664	28.3421504840
302663.3369825407	4124471.6236350657	28.3421089559
302663.4215520464	4124471.1308389646	28.3420674277
302663.5061215522	4124470.6380428639	28.3420258996
302663.5906910580	4124470.1452467632	28.3419843714
302663.6752605638	4124469.6524506621	28.3419428433
302663.7598300696	4124469.1596545614	28.3419013151
302663.8083123118	4124468.6620116173	28.3409151766
302663.8567945540	4124468.1643686737	28.3399290382
302663.9052767963	4124467.6667257296	28.3389428997
302663.9537590385	4124467.1690827855	28.3379567612
302664.0022412807	4124466.6714398414	28.3369706227
302664.0507235229	4124466.1737968973	28.3359844842
302664.0992057651	4124465.6761539537	28.3349983457
302664.1476880073	4124465.1785110096	28.3340122073
302664.1961702496	4124464.6808680655	28.3330260688
302664.2446524918	4124464.1832251213	28.3320399303
302664.2507215096	4124463.6832628427	28.3310981785
302664.2567905273	4124463.1833005641	28.3301564267
302664.2628595450	4124462.6833382854	28.3292146749
302664.2689285628	4124462.1833760068	28.3282729232
302664.2749975805	4124461.6834137281	28.3273311714
302664.2810665982	4124461.1834514490	28.3263894196
302664.2871356159	4124460.6834891704	28.3254476678
302664.2932046337	4124460.1835268917	28.3245059160
302664.2992736514	4124459.6835646131	28.3235641642
302664.3013112537	4124459.1835700329	28.3224381002
302664.3033488559	4124458.6835754528	28.3213120362
302664.3053864581	4124458.1835808726	28.3201859721
302664.3074240604	4124457.6835862924	28.3190599081
302664.3094616626	4124457.1835917123	28.3179338441
302664.3114992648	4124456.6835971321	28.3168077801
302664.3135368670	4124456.1836025524	28.3156817160
302664.3167212041	4124455.6836133562	28.3164963782
302664.3199055411	4124455.1836241600	28.3173110404
302664.3230898781	4124454.6836349634	28.3181257027
302664.3262742151	4124454.1836457672	28.3189403649
302664.3294585522	4124453.6836565710	28.3197550271
302664.3326428892	4124453.1836673748	28.3205696893
302664.3358272262	4124452.6836781786	28.3213843515
302664.3390115633	4124452.1836889824	28.3221990137
302664.3421959003	4124451.6836997862	28.3230136759
302664.3453802373	4124451.1837105900	28.3238283381
302664.3485645744	4124450.6837213938	28.3246430004
302664.3517489114	4124450.1837321976	28.3254576626
302664.3549332484	4124449.6837430014	28.3262723248
302664.3581175854	4124449.1837538052	28.3270869870
302664.3613019225	4124448.6837646090	28.3279016492
302664.3644862595	4124448.1837754129	28.3287163114
302664.3676705965	4124447.6837862167	28.3295309736
302664.3708549336	4124447.1837970205	28.3303456358
302664.3740392706	4124446.6838078243	28.3311602981
302664.3772236076	4124446.1838186281	28.3319749603
302664.3804079446	4124445.6838294319	28.3327896225
302664.3835922817	4124445.1838402357	28.3336042847
302664.3867766187	4124444.6838510395	28.3344189469
302664.3881405589	4124444.1838533990	28.3351256286
302664.3895044992	4124443.6838557590	28.3358323104
302664.3908684393	4124443.1838581185	28.3365389921
302664.3922323796	4124442.6838604785	28.3372456738
302664.3935963198	4124442.1838628380	28.3379523555
302664.3949602600	4124441.6838651979	28.3386590373
302664.3963242003	4124441.1838675574	28.3393657190
302664.3976881405	4124440.6838699174	28.3400724007
302664.3990520807	4124440.1838722769	28.3407790824
302664.4004160209	4124439.6838746369	28.3414857642
302664.4058624489	4124439.1839045412	28.3409959100
302664.4113088767	4124438.6839344455	28.3405060559
302664.4167553046	4124438.1839643503	28.3400162017
302664.4222017325	4124437.6839942546	28.3395263475
302664.4276481604	4124437.1840241589	28.3390364934
302664.4330945883	4124436.6840540632	28.3385466392
302664.4385410162	4124436.1840839679	28.3380567850
302664.4401660409	4124435.6840877808	28.3369739894
302664.4417910656	4124435.1840915941	28.3358911937
302664.4434160903	4124434.6840954074	28.3348083980
302664.4450411150	4124434.1840992207	28.3337256023
302664.4466661397	4124433.6841030335	28.3326428066
302664.4482911644	4124433.1841068468	28.3315600109
302664.4499161891	4124432.6841106601	28.3304772153
302664.4515412138	4124432.1841144729	28.3293944196
302664.4531662386	4124431.6841182862	28.3283116239
302664.4547912633	4124431.1841220995	28.3272288282
302664.4564162880	4124430.6841259128	28.3261460325
302664.4580413126	4124430.1841297257	28.3250632368
302664.4596663374	4124429.6841335390	28.3239804412
302664.4612913621	4124429.1841373523	28.3228976455
302664.4629163868	4124428.6841411651	28.3218148498
302664.4645414115	4124428.1841449784	28.3207320541
302664.4661664362	4124427.6841487917	28.3196492584
302664.4677914609	4124427.1841526050	28.3185664628
302664.4694164856	4124426.6841564178	28.3174836671
302664.4710415103	4124426.1841602311	28.3164008714
302664.4726665350	4124425.6841640444	28.3153180757
302664.4742915597	4124425.1841678573	28.3142352800
302664.4759165844	4124424.6841716706	28.3131524843
302664.4775416091	4124424.1841754839	28.3120696887
302664.4797172778	4124423.6841803165	28.3123843141
302664.4818929465	4124423.1841851487	28.3126989396
302664.4840686152	4124422.6841899813	28.3130135651
302664.4862442840	4124422.1841948139	28.3133281906
302664.4884199526	4124421.6841996466	28.3136428160
302664.4905956213	4124421.1842044792	28.3139574415
302664.4927712901	4124420.6842093118	28.3142720670
302664.4949469588	4124420.1842141440	28.3145866925
302664.4971226275	4124419.6842189766	28.3149013179
302664.4992982962	4124419.1842238093	28.3152159434
302664.5014739649	4124418.6842286419	28.3155305689
302664.5036496336	4124418.1842334745	28.3158451944
302664.5058253023	4124417.6842383067	28.3161598198
302664.5080009710	4124417.1842431393	28.3164744453
302664.5101766397	4124416.6842479720	28.3167890708
302664.5123523084	4124416.1842528046	28.3171036963
302664.5151396728	4124415.6842612359	28.3179172029
302664.5179270371	4124415.1842696671	28.3187307095
302664.5207144014	4124414.6842780984	28.3195442161
302664.5235017658	4124414.1842865297	28.3203577227
302664.5262891302	4124413.6842949609	28.3211712292
302664.5290764945	4124413.1843033922	28.3219847358
302664.5318638589	4124412.6843118235	28.3227982424
302664.5346512232	4124412.1843202547	28.3236117490
302664.5374385876	4124411.6843286860	28.3244252556
302664.5402259519	4124411.1843371172	28.3252387622
302664.5430133163	4124410.6843455485	28.3260522688
302664.5458006806	4124410.1843539798	28.3268657754
302664.5485880449	4124409.6843624110	28.3276792820
302664.5513754093	4124409.1843708423	28.3284927886
302664.5541627737	4124408.6843792736	28.3293062952
302664.5569501380	4124408.1843877048	28.3301198018
302664.5597375024	4124407.6843961361	28.3309333084
302664.5625248667	4124407.1844045673	28.3317468150
302664.5653122311	4124406.6844129986	28.3325603216
302664.5680995954	4124406.1844214299	28.3333738282
302664.5708869597	4124405.6844298611	28.3341873348
302664.5736743241	4124405.1844382924	28.3350008414
302664.5764616884	4124404.6844467237	28.3358143480
302664.5792490528	4124404.1844551549	28.3366278546
302664.5805799571	4124403.6844572946	28.3372346788
302664.5819108612	4124403.1844594339	28.3378415029
302664.5832417655	4124402.6844615736	28.3384483271
302664.5845726698	4124402.1844637129	28.3390551513
302664.5859035740	4124401.6844658526	28.3396619754
302664.5862118277	4124401.5686602211	28.3398025233
302664.5874932802	4124401.0686622229	28.3404023298
302664.5887747326	4124400.5686642248	28.3410021363
302664.5900561851	4124400.0686662267	28.3416019428
302664.5913376375	4124399.5686682286	28.3422017492
302664.5926190900	4124399.0686702305	28.3428015557
302664.5941629332	4124398.5686727692	28.3424074617
302664.5957067764	4124398.0686753080	28.3420133677
302664.5972506197	4124397.5686778468	28.3416192736
302664.5987944629	4124397.0686803856	28.3412251796
302664.6003383062	4124396.5686829244	28.3408310856
302664.6018821494	4124396.0686854632	28.3404369915
302664.6043177860	4124395.5686914157	28.3402954981
302664.6067534226	4124395.0686973678	28.3401540047
302664.6091890592	4124394.5687033203	28.3400125113
302664.6116246958	4124394.0687092729	28.3398710179
302664.6140603324	4124393.5687152250	28.3397295245
302664.6164959690	4124393.0687211775	28.3395880311
302664.6189316056	4124392.5687271296	28.3394465377
302664.6213672422	4124392.0687330822	28.3393050443
302664.6238028788	4124391.5687390347	28.3391635509
302664.6262385154	4124391.0687449868	28.3390220575
302664.6286741520	4124390.5687509393	28.3388805641
302664.6311097885	4124390.0687568919	28.3387390707
302664.6335454251	4124389.5687628440	28.3385975773
302664.6359810617	4124389.0687687965	28.3384560839
302664.6384166983	4124388.5687747491	28.3383145905
302664.6408523349	4124388.0687807011	28.3381730971
302664.6432879715	4124387.5687866537	28.3380316037
302664.6457236081	4124387.0687926058	28.3378901103
302664.6481592447	4124386.5687985583	28.3377486169
302664.6505948813	4124386.0688045109	28.3376071235
302664.6530305179	4124385.5688104630	28.3374656301
302664.6554661545	4124385.0688164155	28.3373241367
302664.6579017911	4124384.5688223680	28.3371826433
302664.6603374277	4124384.0688283201	28.3370411499
302664.6642781111	4124383.5688446546	28.3361438135
302664.6682187945	4124383.0688609891	28.3352464771
302664.6721594779	4124382.5688773235	28.3343491407
302664.6761001613	4124382.0688936580	28.3334518043
302664.6800408447	4124381.5689099925	28.3325544679
302664.6839815282	4124381.0689263269	28.3316571315
302664.6879222115	4124380.5689426614	28.3307597951
302664.6918628950	4124380.0689589959	28.3298624587
302664.6928919122	4124379.5689601968	28.3302391761
302664.6939209295	4124379.0689613977	28.3306158935
302664.6949499468	4124378.5689625982	28.3309926108
302664.6959789640	4124378.0689637992	28.3313693282
302664.6970079813	4124377.5689650001	28.3317460456
302664.6980369986	4124377.0689662006	28.3321227630
302664.6990660158	4124376.5689674015	28.3324994804
302664.7000950331	4124376.0689686025	28.3328761978
302664.7044534467	4124375.5689876443	28.3330903687
302664.7088118602	4124375.0690066866	28.3333045396
302664.7131702738	4124374.5690257284	28.3335187106
302664.7175286873	4124374.0690447702	28.3337328815
302664.7218871008	4124373.5690638125	28.3339470524
302664.7262455144	4124373.0690828543	28.3341612234
302664.7306039280	4124372.5691018961	28.3343753943
302664.7349623415	4124372.0691209384	28.3345895652
302664.7393207551	4124371.5691399802	28.3348037362
302664.7436791686	4124371.0691590225	28.3350179071
302664.7480375821	4124370.5691780644	28.3352320780
302664.7523959957	4124370.0691971062	28.3354462490
302664.7567544093	4124369.5692161485	28.3356604199
302664.7611128228	4124369.0692351903	28.3358745908
302664.7654712364	4124368.5692542326	28.3360887618
302664.7698296499	4124368.0692732744	28.3363029327
302664.7741880635	4124367.5692923162	28.3365171036
302664.7785464770	4124367.0693113585	28.3367312746
302664.7829048906	4124366.5693304003	28.3369454455
302664.7872633041	4124366.0693494421	28.3371596164
302664.7916217177	4124365.5693684844	28.3373737874
302664.7959801313	4124365.0693875263	28.3375879583
302664.8003385448	4124364.5694065685	28.3378021292
302664.8046969583	4124364.0694256104	28.3380163002
302664.8052034280	4124363.5694272383	28.3368452434
302664.8057098978	4124363.0694288663	28.3356741866
302664.8062163675	4124362.5694304942	28.3345031299
302664.8067228372	4124362.0694321217	28.3333320731
302664.8072293070	4124361.5694337497	28.3321610163
302664.8077357766	4124361.0694353776	28.3309899595
302664.8082422464	4124360.5694370056	28.3298189028
302664.8087487161	4124360.0694386335	28.3286478460
302664.8092551858	4124359.5694402615	28.3274767892
302664.8132966473	4124359.0694582723	28.3261816868
302664.8173381088	4124358.5694762836	28.3248865844
302664.8213795703	4124358.0694942945	28.3235914820
302664.8254210318	4124357.5695123053	28.3222963795
302664.8294624933	4124357.0695303166	28.3210012771
302664.8335039548	4124356.5695483275	28.3197061747
302664.8375454163	4124356.0695663383	28.3184110723
302664.8390937148	4124355.5695691123	28.3190248312
302664.8406420133	4124355.0695718862	28.3196385901
302664.8421903118	4124354.5695746602	28.3202523490
302664.8437386103	4124354.0695774341	28.3208661079
302664.8452869088	4124353.5695802080	28.3214798669
302664.8468352073	4124353.0695829820	28.3220936258
302664.8483835058	4124352.5695857559	28.3227073847
302664.8499318042	4124352.0695885299	28.3233211436
302664.8514801027	4124351.5695913038	28.3239349025
302664.8530284013	4124351.0695940778	28.3245486614
302664.8545766997	4124350.5695968517	28.3251624203
302664.8561249982	4124350.0695996257	28.3257761792
302664.8576732967	4124349.5696023996	28.3263899382
302664.8592215952	4124349.0696051735	28.3270036971
302664.8607698937	4124348.5696079475	28.3276174560
302664.8623181922	4124348.0696107214	28.3282312149
302664.8638664907	4124347.5696134954	28.3288449738
302664.8654147892	4124347.0696162693	28.3294587327
302664.8669630877	4124346.5696190433	28.3300724916
302664.8685113862	4124346.0696218172	28.3306862506
302664.8700596847	4124345.5696245912	28.3313000095
302664.8716079832	4124345.0696273651	28.3319137684
302664.8731562817	4124344.5696301390	28.3325275273
302664.8747045802	4124344.0696329130	28.3331412862
302664.8785302145	4124343.5696481639	28.3323571022
302664.8823558489	4124343.0696634143	28.3315729183
302664.8861814832	4124342.5696786651	28.3307887343
302664.8900071176	4124342.0696939155	28.3300045504
302664.8938327520	4124341.5697091664	28.3292203664
302664.8976583863	4124341.0697244168	28.3284361825
302664.9014840206	4124340.5697396677	28.3276519985
302664.9053096550	4124340.0697549181	28.3268678145
302664.9060452341	4124339.5697557647	28.3274203945
302664.9067808132	4124339.0697566113	28.3279729745
302664.9075163923	4124338.5697574574	28.3285255544
302664.9082519714	4124338.0697583039	28.3290781344
302664.9089875505	4124337.5697591505	28.3296307143
302664.9097231296	4124337.0697599966	28.3301832943
302664.9104587087	4124336.5697608432	28.3307358742
302664.9111942878	4124336.0697616898	28.3312884542
302664.9141795171	4124335.5697706016	28.3312797965
302664.9171647463	4124335.0697795129	28.3312711388
302664.9201499755	4124334.5697884248	28.3312624811
302664.9231352048	4124334.0697973366	28.3312538234
302664.9261204340	4124333.5698062484	28.3312451657
302664.9291056633	4124333.0698151602	28.3312365080
302664.9320908925	4124332.5698240721	28.3312278503
302664.9350761217	4124332.0698329834	28.3312191926
302664.9380613510	4124331.5698418953	28.3312105349
302664.9410465802	4124331.0698508071	28.3312018772
302664.9440318094	4124330.5698597189	28.3311932195
302664.9470170386	4124330.0698686307	28.3311845618
302664.9500022679	4124329.5698775426	28.3311759041
302664.9529874971	4124329.0698864539	28.3311672464
302664.9559727263	4124328.5698953657	28.3311585887
302664.9589579556	4124328.0699042776	28.3311499310
302664.9619431848	4124327.5699131894	28.3311412733
302664.9649284141	4124327.0699221012	28.3311326156
302664.9679136433	4124326.5699310130	28.3311239580
302664.9708988725	4124326.0699399244	28.3311153003
302664.9738841018	4124325.5699488362	28.3311066426
302664.9768693310	4124325.0699577481	28.3310979849
302664.9798545602	4124324.5699666599	28.3310893272
302664.9828397895	4124324.0699755717	28.3310806695
302664.9863556669	4124323.5699880142	28.3307963494
302664.9898715444	4124323.0700004562	28.3305120294
302664.9933874218	4124322.5700128987	28.3302277093
302664.9969032993	4124322.0700253411	28.3299433892
302665.0004191767	4124321.5700377836	28.3296590692
302665.0039350542	4124321.0700502261	28.3293747491
302665.0074509316	4124320.5700626681	28.3290904291
302665.0109668091	4124320.0700751105	28.3288061090
302665.0144826865	4124319.5700875530	28.3285217890
302665.0179985639	4124319.0700999955	28.3282374689
302665.0194827924	4124318.5701023340	28.3278693742
302665.0209670208	4124318.0701046721	28.3275012794
302665.0224512492	4124317.5701070107	28.3271331847
302665.0239354777	4124317.0701093492	28.3267650899
302665.0254197061	4124316.5701116878	28.3263969952
302665.0269039345	4124316.0701140258	28.3260289004
302665.0291826202	4124315.5701192198	28.3259904328
302665.0314613059	4124315.0701244138	28.3259519652
302665.0337399915	4124314.5701296078	28.3259134975
302665.0360186772	4124314.0701348018	28.3258750299
302665.0382973629	4124313.5701399958	28.3258365623
302665.0405760485	4124313.0701451898	28.3257980947
302665.0428547342	4124312.5701503833	28.3257596271
302665.0451334199	4124312.0701555773	28.3257211594
302665.0474121056	4124311.5701607713	28.3256826918
302665.0496907913	4124311.0701659652	28.3256442242
302665.0519694770	4124310.5701711592	28.3256057566
302665.0542481627	4124310.0701763532	28.3255672890
302665.0565268483	4124309.5701815467	28.3255288214
302665.0588055340	4124309.0701867407	28.3254903537
302665.0610842197	4124308.5701919347	28.3254518861
302665.0633629053	4124308.0701971287	28.3254134185
302665.0656415910	4124307.5702023227	28.3253749509
302665.0679202767	4124307.0702075167	28.3253364833
302665.0701989624	4124306.5702127106	28.3252980156
302665.0724776481	4124306.0702179042	28.3252595480
302665.0747563338	4124305.5702230982	28.3252210804
302665.0770350195	4124305.0702282921	28.3251826128
302665.0793137052	4124304.5702334861	28.3251441452
302665.0815923908	4124304.0702386801	28.3251056775
302665.0839074689	4124303.5702440464	28.3250237770
302665.0862225471	4124303.0702494127	28.3249418764
302665.0885376253	4124302.5702547790	28.3248599758
302665.0908527034	4124302.0702601452	28.3247780753
302665.0931677816	4124301.5702655115	28.3246961747
302665.0954828597	4124301.0702708778	28.3246142741
302665.0977979379	4124300.5702762441	28.3245323736
302665.1001130160	4124300.0702816108	28.3244504730
302665.1024280942	4124299.5702869771	28.3243685724
302665.1047431723	4124299.0702923434	28.3242866718
302665.1080424686	4124298.5703032287	28.3242942302
302665.1113417649	4124298.0703141144	28.3243017886
302665.1146410611	4124297.5703249997	28.3243093470
302665.1179403574	4124297.0703358855	28.3243169054
302665.1212396536	4124296.5703467708	28.3243244639
302665.1245389499	4124296.0703576566	28.3243320223
302665.1265047534	4124295.5703615285	28.3244210124
302665.1284705570	4124295.0703654010	28.3245100026
302665.1304363605	4124294.5703692734	28.3245989928
302665.1324021641	4124294.0703731459	28.3246879829
302665.1343679677	4124293.5703770178	28.3247769731
302665.1363337712	4124293.0703808903	28.3248659633
302665.1382995748	4124292.5703847627	28.3249549535
302665.1402653783	4124292.0703886352	28.3250439436
302665.1422311820	4124291.5703925071	28.3251329338
302665.1441969855	4124291.0703963796	28.3252219240
302665.1461627891	4124290.5704002520	28.3253109142
302665.1481285926	4124290.0704041244	28.3253999043
302665.1500943962	4124289.5704079964	28.3254888945
302665.1520601998	4124289.0704118689	28.3255778847
302665.1540260033	4124288.5704157413	28.3256668748
302665.1559918069	4124288.0704196137	28.3257558650
302665.1579576104	4124287.5704234857	28.3258448552
302665.1599234140	4124287.0704273582	28.3259338454
302665.1618892176	4124286.5704312306	28.3260228355
302665.1638550211	4124286.0704351026	28.3261118257
302665.1658208247	4124285.5704389750	28.3262008159
302665.1677866282	4124285.0704428474	28.3262898061
302665.1697524318	4124284.5704467199	28.3263787962
302665.1717182354	4124284.0704505919	28.3264677864
302665.1730906502	4124283.5704524778	28.3264202641
302665.1744630650	4124283.0704543637	28.3263727418
302665.1758354799	4124282.5704562496	28.3263252196
302665.1772078947	4124282.0704581351	28.3262776973
302665.1785803095	4124281.5704600210	28.3262301750
302665.1799527243	4124281.0704619070	28.3261826527
302665.1813251391	4124280.5704637924	28.3261351304
302665.1826975539	4124280.0704656783	28.3260876082
302665.1840699688	4124279.5704675643	28.3260400859
302665.1868506899	4124279.0704753660	28.3263035422
302665.1896314109	4124278.5704831677	28.3265669985
302665.1924121320	4124278.0704909698	28.3268304547
302665.1951928531	4124277.5704987715	28.3270939110
302665.1979735742	4124277.0705065737	28.3273573673
302665.2007542953	4124276.5705143753	28.3276208236
302665.2035350163	4124276.0705221775	28.3278842799
302665.2061756843	4124275.5705292029	28.3281136410
302665.2088163524	4124275.0705362288	28.3283430021
302665.2114570203	4124274.5705432547	28.3285723632
302665.2140976883	4124274.0705502806	28.3288017243
302665.2167383563	4124273.5705573061	28.3290310853
302665.2193790243	4124273.0705643320	28.3292604464
302665.2220196924	4124272.5705713578	28.3294898075
302665.2246603603	4124272.0705783837	28.3297191686
302665.2273010283	4124271.5705854092	28.3299485297
302665.2299416963	4124271.0705924351	28.3301778908
302665.2325823643	4124270.5705994610	28.3304072519
302665.2352230324	4124270.0706064869	28.3306366130
302665.2378637003	4124269.5706135123	28.3308659741
302665.2405043683	4124269.0706205382	28.3310953352
302665.2431450363	4124268.5706275641	28.3313246963
302665.2457857043	4124268.0706345900	28.3315540573
302665.2484263724	4124267.5706416154	28.3317834184
302665.2510670404	4124267.0706486413	28.3320127795
302665.2537077083	4124266.5706556672	28.3322421406
302665.2563483763	4124266.0706626931	28.3324715017
302665.2589890443	4124265.5706697186	28.3327008628
302665.2616297124	4124265.0706767444	28.3329302239
302665.2642703804	4124264.5706837703	28.3331595850
302665.2669110483	4124264.0706907962	28.3333889461
302665.2691592590	4124263.5706968387	28.3343830174
302665.2714074696	4124263.0707028816	28.3353770888
302665.2736556802	4124262.5707089240	28.3363711602
302665.2759038908	4124262.0707149669	28.3373652316
302665.2781521015	4124261.5707210093	28.3383593029
302665.2804003121	4124261.0707270522	28.3393533743
302665.2826485228	4124260.5707330946	28.3403474457
302665.2848967334	4124260.0707391375	28.3413415171
302665.2871449440	4124259.5707451799	28.3423355884
302665.2893931546	4124259.0707512228	28.3433296598
302665.2907451711	4124258.5707540433	28.3443258789
302665.2920971877	4124258.0707568633	28.3453220980
302665.2934492042	4124257.5707596838	28.3463183172
302665.2948012207	4124257.0707625044	28.3473145363
302665.2961532372	4124256.5707653249	28.3483107554
302665.2975052537	4124256.0707681454	28.3493069745
302665.3002522763	4124255.5707756914	28.3493007475
302665.3029992988	4124255.0707832375	28.3492945205
302665.3057463214	4124254.5707907840	28.3492882935
302665.3084933440	4124254.0707983300	28.3492820665
302665.3112403666	4124253.5708058765	28.3492758395
302665.3139873892	4124253.0708134226	28.3492696126
302665.3167344118	4124252.5708209686	28.3492633856
302665.3194814344	4124252.0708285151	28.3492571586
302665.3222284569	4124251.5708360611	28.3492509316
302665.3249754795	4124251.0708436077	28.3492447046
302665.3277225021	4124250.5708511537	28.3492384776
302665.3304695247	4124250.0708586997	28.3492322506
302665.3332165472	4124249.5708662462	28.3492260236
302665.3359635698	4124249.0708737923	28.3492197966
302665.3387105924	4124248.5708813388	28.3492135696
302665.3414576150	4124248.0708888848	28.3492073426
302665.3442046376	4124247.5708964309	28.3492011156
302665.3469516601	4124247.0709039774	28.3491948886
302665.3496986827	4124246.5709115234	28.3491886616
302665.3524457053	4124246.0709190699	28.3491824346
302665.3551927279	4124245.5709266160	28.3491762076
302665.3579397504	4124245.0709341620	28.3491699806
302665.3606867730	4124244.5709417085	28.3491637536
302665.3634337956	4124244.0709492546	28.3491575266
302665.3686265146	4124243.5709774457	28.3480503796
302665.3738192336	4124243.0710056364	28.3469432327
302665.3790119525	4124242.5710338275	28.3458360857
302665.3842046715	4124242.0710620182	28.3447289387
302665.3893973904	4124241.5710902093	28.3436217917
302665.3945901094	4124241.0711184000	28.3425146447
302665.3997828283	4124240.5711465911	28.3414074978
302665.4049755473	4124240.0711747818	28.3403003508
302665.4101682663	4124239.5712029729	28.3391932038
302665.4107234394	4124239.0712033110	28.3390200497
302665.4112786125	4124238.5712036490	28.3388468957
302665.4118337856	4124238.0712039876	28.3386737416
302665.4123889587	4124237.5712043256	28.3385005875
302665.4129441319	4124237.0712046637	28.3383274335
302665.4134993050	4124236.5712050018	28.3381542794
302665.4140544781	4124236.0712053403	28.3379811253
302665.4162146434	4124235.5712100104	28.3379171121
302665.4183748087	4124235.0712146810	28.3378530989
302665.4205349740	4124234.5712193516	28.3377890857
302665.4221243369	4124234.2033428513	28.3377419874
302665.4246981768	4124233.7033494771	28.3377061048
302665.4272720167	4124233.2033561030	28.3376702222
302665.4298458566	4124232.7033627294	28.3376343395
302665.4324196964	4124232.2033693553	28.3375984569
302665.4349935363	4124231.7033759812	28.3375625743
302665.4375673762	4124231.2033826071	28.3375266917
302665.4401412160	4124230.7033892330	28.3374908091
302665.4427150559	4124230.2033958593	28.3374549265
302665.4452888958	4124229.7034024852	28.3374190439
302665.4478627357	4124229.2034091111	28.3373831613
302665.4504365756	4124228.7034157370	28.3373472787
302665.4530104154	4124228.2034223629	28.3373113960
302665.4555842553	4124227.7034289888	28.3372755134
302665.4581580952	4124227.2034356152	28.3372396308
302665.4607319350	4124226.7034422411	28.3372037482
302665.4633057749	4124226.2034488670	28.3371678656
302665.4658796148	4124225.7034554929	28.3371319830
302665.4684534547	4124225.2034621187	28.3370961004
302665.4710272945	4124224.7034687451	28.3370602178
302665.4736011344	4124224.2034753710	28.3370243352
302665.4759584522	4124223.7034809389	28.3369197068
302665.4783157698	4124223.2034865068	28.3368150785
302665.4806730875	4124222.7034920747	28.3367104502
302665.4830304052	4124222.2034976427	28.3366058218
302665.4853877230	4124221.7035032106	28.3365011935
302665.4877450407	4124221.2035087785	28.3363965652
302665.4901023583	4124220.7035143464	28.3362919369
302665.4924596761	4124220.2035199143	28.3361873085
302665.4948169938	4124219.7035254822	28.3360826802
302665.4989458759	4124219.2035425720	28.3358780967
302665.5030747579	4124218.7035596617	28.3356735132
302665.5072036400	4124218.2035767515	28.3354689297
302665.5113325220	4124217.7035938413	28.3352643462
302665.5154614041	4124217.2036109315	28.3350597628
302665.5195902862	4124216.7036280213	28.3348551793
302665.5237191683	4124216.2036451111	28.3346505958
302665.5263478955	4124215.7036522250	28.3351019586
302665.5289766227	4124215.2036593389	28.3355533214
302665.5316053500	4124214.7036664528	28.3360046843
302665.5342340772	4124214.2036735667	28.3364560471
302665.5368628044	4124213.7036806811	28.3369074100
302665.5394915317	4124213.2036877950	28.3373587728
302665.5421202589	4124212.7036949089	28.3378101356
302665.5447489861	4124212.2037020228	28.3382614985
302665.5473777134	4124211.7037091367	28.3387128613
302665.5500064407	4124211.2037162506	28.3391642242
302665.5526351679	4124210.7037233650	28.3396155870
302665.5552638951	4124210.2037304789	28.3400669498
302665.5578926224	4124209.7037375928	28.3405183127
302665.5605213496	4124209.2037447067	28.3409696755
302665.5631500768	4124208.7037518206	28.3414210383
302665.5657788041	4124208.2037589345	28.3418724012
302665.5684075313	4124207.7037660489	28.3423237640
302665.5710362585	4124207.2037731628	28.3427751269
302665.5736649858	4124206.7037802767	28.3432264897
302665.5762937130	4124206.2037873906	28.3436778525
302665.5789224402	4124205.7037945045	28.3441292154
302665.5815511675	4124205.2038016184	28.3445805782
302665.5841798948	4124204.7038087328	28.3450319411
302665.5868086220	4124204.2038158467	28.3454833039
302665.5894373492	4124203.7038229606	28.3459346667
302665.5914416458	4124203.2038278929	28.3468913394
302665.5934459424	4124202.7038328256	28.3478480121
302665.5954502390	4124202.2038377579	28.3488046848
302665.5974545356	4124201.7038426902	28.3497613575
302665.5994588322	4124201.2038476230	28.3507180302
302665.6014631288	4124200.7038525552	28.3516747028
302665.6034674254	4124200.2038574875	28.3526313755
302665.6054717220	4124199.7038624203	28.3535880482
302665.6074760186	4124199.2038673526	28.3545447209
302665.6094803152	4124198.7038722853	28.3555013936
302665.6114846118	4124198.2038772176	28.3564580663
302665.6134889084	4124197.7038821499	28.3574147390
302665.6154932050	4124197.2038870826	28.3583714116
302665.6174975015	4124196.7038920149	28.3593280843
302665.6195017982	4124196.2038969472	28.3602847570
302665.6215060948	4124195.7039018800	28.3612414297
302665.6245182314	4124195.2039112714	28.3618057761
302665.6275303680	4124194.7039206629	28.3623701225
302665.6305425047	4124194.2039300543	28.3629344689
302665.6335546413	4124193.7039394458	28.3634988153
302665.6365667779	4124193.2039488377	28.3640631617
302665.6395789145	4124192.7039582292	28.3646275081
302665.6425910512	4124192.2039676206	28.3651918544
302665.6456031878	4124191.7039770121	28.3657562008
302665.6486153244	4124191.2039864035	28.3663205472
302665.6516274610	4124190.7039957955	28.3668848936
302665.6546395976	4124190.2040051869	28.3674492400
302665.6576517343	4124189.7040145784	28.3680135864
302665.6606638709	4124189.2040239698	28.3685779328
302665.6636760075	4124188.7040333613	28.3691422792
302665.6666881441	4124188.2040427527	28.3697066256
302665.6697002808	4124187.7040521447	28.3702709720
302665.6727124174	4124187.2040615361	28.3708353184
302665.6757245541	4124186.7040709276	28.3713996648
302665.6787366907	4124186.2040803190	28.3719640112
302665.6817488273	4124185.7040897105	28.3725283575
302665.6847609639	4124185.2040991024	28.3730927039
302665.6877731006	4124184.7041084939	28.3736570503
302665.6907852372	4124184.2041178853	28.3742213967
302665.6923992635	4124183.7041207734	28.3736895779
302665.6940132898	4124183.2041236609	28.3731577591
302665.6956273161	4124182.7041265490	28.3726259402
302665.6972413424	4124182.2041294370	28.3720941214
302665.6988553687	4124181.7041323250	28.3715623026
302665.7004693950	4124181.2041352126	28.3710304838
302665.7020834213	4124180.7041381006	28.3704986649
302665.7036974476	4124180.2041409886	28.3699668461
302665.7053114739	4124179.7041438767	28.3694350273
302665.7069255002	4124179.2041467647	28.3689032085
302665.7085395266	4124178.7041496523	28.3683713897
302665.7101535528	4124178.2041525403	28.3678395708
302665.7117675791	4124177.7041554283	28.3673077520
302665.7133816055	4124177.2041583164	28.3667759332
302665.7149956318	4124176.7041612039	28.3662441144
302665.7166096581	4124176.2041640920	28.3657122955
302665.7182236844	4124175.7041669800	28.3651804767
302665.7214030573	4124175.2041770928	28.3652455011
302665.7245824304	4124174.7041872055	28.3653105254
302665.7277618034	4124174.2041973183	28.3653755498
302665.7309411764	4124173.7042074311	28.3654405742
302665.7341205493	4124173.2042175438	28.3655055985
302665.7372999223	4124172.7042276566	28.3655706229
302665.7404792953	4124172.2042377694	28.3656356473
302665.7436586683	4124171.7042478817	28.3657006716
302665.7468380413	4124171.2042579944	28.3657656960
302665.7500174143	4124170.7042681072	28.3658307204
302665.7531967873	4124170.2042782200	28.3658957447
302665.7563761603	4124169.7042883327	28.3659607691
302665.7595555333	4124169.2042984455	28.3660257935
302665.7627349063	4124168.7043085583	28.3660908178
302665.7659142793	4124168.2043186710	28.3661558422
302665.7690936523	4124167.7043287838	28.3662208665
302665.7722730252	4124167.2043388966	28.3662858909
302665.7754523982	4124166.7043490093	28.3663509153
302665.7786317712	4124166.2043591221	28.3664159396
302665.7818111442	4124165.7043692349	28.3664809640
302665.7849905172	4124165.2043793476	28.3665459884
302665.7881698902	4124164.7043894604	28.3666110127
302665.7913492632	4124164.2043995732	28.3666760371
302665.7942690221	4124163.7044082256	28.3670332754
302665.7971887811	4124163.2044168785	28.3673905137
302665.8001085400	4124162.7044255310	28.3677477520
302665.8030282989	4124162.2044341839	28.3681049903
302665.8059480579	4124161.7044428363	28.3684622285
302665.8088678169	4124161.2044514893	28.3688194668
302665.8117875758	4124160.7044601417	28.3691767051
302665.8147073347	4124160.2044687946	28.3695339434
302665.8176270937	4124159.7044774471	28.3698911817
302665.8205468527	4124159.2044861000	28.3702484200
302665.8234666116	4124158.7044947525	28.3706056583
302665.8263863705	4124158.2045034054	28.3709628966
302665.8293061295	4124157.7045120578	28.3713201348
302665.8322258884	4124157.2045207107	28.3716773731
302665.8351456473	4124156.7045293632	28.3720346114
302665.8380654063	4124156.2045380161	28.3723918497
302665.8409851653	4124155.7045466686	28.3727490880
302665.8432492975	4124155.2045518020	28.3726649765
302665.8455134297	4124154.7045569355	28.3725808651
302665.8477775619	4124154.2045620689	28.3724967536
302665.8500416941	4124153.7045672024	28.3724126422
302665.8523058263	4124153.2045723358	28.3723285307
302665.8545699585	4124152.7045774693	28.3722444192
302665.8568340907	4124152.2045826023	28.3721603078
302665.8590982229	4124151.7045877357	28.3720761963
302665.8594619834	4124151.6242574323	28.3720626828
302665.8617239685	4124151.1242625564	28.3719771258
302665.8639859536	4124150.6242676801	28.3718915688
302665.8662479387	4124150.1242728042	28.3718060119
302665.8685099238	4124149.6242779279	28.3717204549
302665.8707719089	4124149.1242830520	28.3716348979
302665.8730338940	4124148.6242881757	28.3715493410
302665.8752958791	4124148.1242932999	28.3714637840
302665.8775578642	4124147.6242984235	28.3713782270
302665.8798198493	4124147.1243035477	28.3712926700
302665.8820818344	4124146.6243086713	28.3712071131
302665.8843438195	4124146.1243137955	28.3711215561
302665.8866058046	4124145.6243189191	28.3710359991
302665.8888677896	4124145.1243240433	28.3709504422
302665.8911297747	4124144.6243291674	28.3708648852
302665.8933917598	4124144.1243342911	28.3707793282
302665.8956748293	4124143.6243395917	28.3710760362
302665.8979578988	4124143.1243448919	28.3713727442
302665.9002409682	4124142.6243501925	28.3716694521
302665.9025240377	4124142.1243554931	28.3719661601
302665.9048071072	4124141.6243607933	28.3722628681
302665.9070901767	4124141.1243660939	28.3725595760
302665.9093732461	4124140.6243713945	28.3728562840
302665.9116563156	4124140.1243766947	28.3731529920
302665.9139393851	4124139.6243819953	28.3734497000
302665.9162224546	4124139.1243872959	28.3737464079
302665.9185055240	4124138.6243925965	28.3740431159
302665.9207885935	4124138.1243978967	28.3743398239
302665.9230716630	4124137.6244031973	28.3746365318
302665.9253547324	4124137.1244084979	28.3749332398
302665.9276378019	4124136.6244137981	28.3752299478
302665.9299208714	4124136.1244190987	28.3755266558
302665.9320267884	4124135.6244235430	28.3754302312
302665.9341327053	4124135.1244279873	28.3753338067
302665.9362386222	4124134.6244324311	28.3752373822
302665.9383445392	4124134.1244368753	28.3751409576
302665.9404504562	4124133.6244413196	28.3750445331
302665.9425563731	4124133.1244457639	28.3749481085
302665.9446622901	4124132.6244502082	28.3748516840
302665.9467682071	4124132.1244546524	28.3747552595
302665.9488741240	4124131.6244590967	28.3746588349
302665.9509800409	4124131.1244635405	28.3745624104
302665.9530859579	4124130.6244679848	28.3744659859
302665.9551918749	4124130.1244724290	28.3743695613
302665.9572977918	4124129.6244768733	28.3742731368
302665.9594037088	4124129.1244813176	28.3741767123
302665.9615096258	4124128.6244857619	28.3740802877
302665.9636155427	4124128.1244902061	28.3739838632
302665.9657214597	4124127.6244946499	28.3738874387
302665.9678273766	4124127.1244990942	28.3737910141
302665.9699332936	4124126.6245035385	28.3736945896
302665.9720392106	4124126.1245079827	28.3735981650
302665.9741451275	4124125.6245124270	28.3735017405
302665.9762510445	4124125.1245168713	28.3734053160
302665.9783569615	4124124.6245213156	28.3733088914
302665.9804628784	4124124.1245257594	28.3732124669
302665.9819356995	4124123.6245280462	28.3735552090
302665.9834085205	4124123.1245303331	28.3738979512
302665.9848813416	4124122.6245326195	28.3742406933
302665.9863541626	4124122.1245349064	28.3745834355
302665.9878269837	4124121.6245371928	28.3749261776
302665.9892998047	4124121.1245394796	28.3752689198
302665.9907726258	4124120.6245417665	28.3756116619
302665.9922454468	4124120.1245440529	28.3759544041
302665.9937182679	4124119.6245463397	28.3762971462
302665.9951910889	4124119.1245486261	28.3766398884
302665.9966639100	4124118.6245509130	28.3769826305
302665.9981367310	4124118.1245531999	28.3773253727
302665.9996095521	4124117.6245554863	28.3776681148
302666.0010823732	4124117.1245577731	28.3780108570
302666.0025551943	4124116.6245600595	28.3783535991
302666.0040280153	4124116.1245623464	28.3786963413
302666.0063982428	4124115.6245704237	28.3802645189
302666.0087684702	4124115.1245785006	28.3818326966
302666.0111386977	4124114.6245865780	28.3834008742
302666.0135089252	4124114.1245946554	28.3849690519
302666.0158791526	4124113.6246027327	28.3865372295
302666.0182493801	4124113.1246108096	28.3881054072
302666.0206196076	4124112.6246188870	28.3896735848
302666.0229898351	4124112.1246269643	28.3912417625
302666.0253600625	4124111.6246350412	28.3928099401
302666.0277302900	4124111.1246431186	28.3943781178
302666.0301005175	4124110.6246511959	28.3959462954
302666.0324707450	4124110.1246592733	28.3975144731
302666.0348409724	4124109.6246673502	28.3990826507
302666.0372111999	4124109.1246754276	28.4006508284
302666.0395814274	4124108.6246835049	28.4022190061
302666.0419516548	4124108.1246915818	28.4037871837
302666.0443218823	4124107.6246996592	28.4053553614
302666.0466921098	4124107.1247077365	28.4069235390
302666.0490623373	4124106.6247158139	28.4084917167
302666.0514325647	4124106.1247238908	28.4100598943
302666.0538027922	4124105.6247319682	28.4116280720
302666.0561730197	4124105.1247400455	28.4131962496
302666.0585432471	4124104.6247481224	28.4147644273
302666.0609134746	4124104.1247561998	28.4163326049
302666.0624141998	4124103.6247590645	28.4155499693
302666.0639149250	4124103.1247619293	28.4147673336
302666.0654156503	4124102.6247647940	28.4139846980
302666.0669163755	4124102.1247676588	28.4132020624
302666.0684171007	4124101.6247705235	28.4124194267
302666.0699178259	4124101.1247733878	28.4116367911
302666.0714185511	4124100.6247762525	28.4108541554
302666.0729192764	4124100.1247791173	28.4100715198
302666.0744200016	4124099.6247819820	28.4092888842
302666.0759207268	4124099.1247848468	28.4085062485
302666.0774214520	4124098.6247877115	28.4077236129
302666.0789221773	4124098.1247905763	28.4069409773
302666.0804229025	4124097.6247934410	28.4061583416
302666.0819236277	4124097.1247963058	28.4053757060
302666.0834243529	4124096.6247991705	28.4045930703
302666.0849250781	4124096.1248020353	28.4038104347
302666.0864258034	4124095.6248048996	28.4030277991
302666.0893386365	4124095.1248139990	28.4022439737
302666.0922514696	4124094.6248230981	28.4014601483
302666.0951643027	4124094.1248321971	28.4006763230
302666.0980771359	4124093.6248412961	28.3998924976
302666.1009899690	4124093.1248503951	28.3991086723
302666.1039028021	4124092.6248594942	28.3983248469
302666.1068156352	4124092.1248685932	28.3975410215
302666.1097284684	4124091.6248776922	28.3967571962
302666.1126413015	4124091.1248867912	28.3959733708
302666.1155541347	4124090.6248958902	28.3951895454
302666.1184669678	4124090.1249049893	28.3944057201
302666.1213798009	4124089.6249140883	28.3936218947
302666.1242926340	4124089.1249231878	28.3928380693
302666.1272054671	4124088.6249322868	28.3920542440
302666.1301183003	4124088.1249413858	28.3912704186
302666.1330311334	4124087.6249504848	28.3904865933
302666.1359439665	4124087.1249595839	28.3897027679
302666.1388567996	4124086.6249686829	28.3889189425
302666.1417696328	4124086.1249777819	28.3881351172
302666.1446824659	4124085.6249868809	28.3873512918
302666.1475952991	4124085.1249959799	28.3865674664
302666.1505081322	4124084.6250050790	28.3857836411
302666.1534209653	4124084.1250141780	28.3849998157
302666.1580576703	4124083.6250357460	28.3852613923
302666.1626943753	4124083.1250573141	28.3855229689
302666.1673310804	4124082.6250788821	28.3857845456
302666.1719677853	4124082.1251004497	28.3860461222
302666.1766044904	4124081.6251220177	28.3863076988
302666.1812411954	4124081.1251435857	28.3865692754
302666.1858779004	4124080.6251651538	28.3868308520
302666.1905146054	4124080.1251867213	28.3870924286
302666.1927837158	4124079.6251919093	28.3868955820
302666.1950528262	4124079.1251970967	28.3866987353
302666.1973219365	4124078.6252022847	28.3865018887
302666.1995910469	4124078.1252074721	28.3863050420
302666.2018601573	4124077.6252126596	28.3861081954
302666.2041292677	4124077.1252178475	28.3859113487
302666.2063983781	4124076.6252230350	28.3857145021
302666.2086674884	4124076.1252282225	28.3855176554
302666.2109365988	4124075.6252334104	28.3853208088
302666.2131091186	4124075.1252381592	28.3854913929
302666.2152816385	4124074.6252429080	28.3856619771
302666.2174541583	4124074.1252476573	28.3858325612
302666.2196266782	4124073.6252524061	28.3860031453
302666.2217991980	4124073.1252571549	28.3861737294
302666.2239717178	4124072.6252619042	28.3863443136
302666.2261442377	4124072.1252666530	28.3865148977
302666.2283167575	4124071.6252714018	28.3866854818
302666.2304892773	4124071.1252761511	28.3868560660
302666.2326617971	4124070.6252808999	28.3870266501
302666.2348343170	4124070.1252856487	28.3871972342
302666.2370068369	4124069.6252903980	28.3873678184
302666.2391793567	4124069.1252951468	28.3875384025
302666.2413518765	4124068.6252998956	28.3877089866
302666.2435243963	4124068.1253046449	28.3878795708
302666.2456969162	4124067.6253093937	28.3880501549
302666.2478694360	4124067.1253141426	28.3882207390
302666.2500419558	4124066.6253188918	28.3883913232
302666.2522144757	4124066.1253236406	28.3885619073
302666.2543869955	4124065.6253283895	28.3887324914
302666.2565595154	4124065.1253331387	28.3889030756
302666.2587320352	4124064.6253378876	28.3890736597
302666.2609045550	4124064.1253426364	28.3892442438
302666.2635406688	4124063.6253496949	28.3889136791
302666.2661767826	4124063.1253567534	28.3885831144
302666.2688128964	4124062.6253638119	28.3882525497
302666.2714490101	4124062.1253708703	28.3879219850
302666.2740851239	4124061.6253779284	28.3875914203
302666.2767212377	4124061.1253849869	28.3872608556
302666.2793573515	4124060.6253920454	28.3869302909
302666.2819934653	4124060.1253991039	28.3865997262
302666.2846295791	4124059.6254061623	28.3862691615
302666.2872656928	4124059.1254132208	28.3859385968
302666.2888852230	4124058.6254159785	28.3863057709
302666.2905047531	4124058.1254187361	28.3866729450
302666.2921242833	4124057.6254214938	28.3870401191
302666.2937438135	4124057.1254242514	28.3874072932
302666.2953633436	4124056.6254270091	28.3877744673
302666.2969828738	4124056.1254297667	28.3881416414
302666.2986024040	4124055.6254325244	28.3885088155
302666.3010252254	4124055.1254385393	28.3881287472
302666.3034480468	4124054.6254445538	28.3877486790
302666.3058708683	4124054.1254505683	28.3873686107
302666.3082936897	4124053.6254565828	28.3869885424
302666.3107165112	4124053.1254625972	28.3866084741
302666.3131393326	4124052.6254686117	28.3862284059
302666.3155621541	4124052.1254746262	28.3858483376
302666.3179849755	4124051.6254806411	28.3854682693
302666.3204077970	4124051.1254866556	28.3850882010
302666.3228306185	4124050.6254926701	28.3847081328
302666.3252534399	4124050.1254986846	28.3843280645
302666.3276762614	4124049.6255046991	28.3839479962
302666.3300990828	4124049.1255107136	28.3835679279
302666.3325219043	4124048.6255167285	28.3831878597
302666.3349447257	4124048.1255227430	28.3828077914
302666.3373675472	4124047.6255287575	28.3824277231
302666.3397903686	4124047.1255347719	28.3820476548
302666.3422131900	4124046.6255407864	28.3816675866
302666.3446360115	4124046.1255468009	28.3812875183
302666.3470588329	4124045.6255528154	28.3809074500
302666.3494816544	4124045.1255588303	28.3805273817
302666.3519044758	4124044.6255648448	28.3801473135
302666.3543272973	4124044.1255708593	28.3797672452
302666.3567501187	4124043.6255768738	28.3793871769
302666.3597669060	4124043.1255865879	28.3786041399
302666.3627836933	4124042.6255963021	28.3778211029
302666.3658004805	4124042.1256060167	28.3770380659
302666.3688172678	4124041.6256157309	28.3762550289
302666.3718340551	4124041.1256254450	28.3754719919
302666.3748508423	4124040.6256351592	28.3746889549
302666.3778676296	4124040.1256448734	28.3739059179
302666.3808844169	4124039.6256545880	28.3731228809
302666.3839012042	4124039.1256643021	28.3723398439
302666.3861748746	4124038.6256709928	28.3711064634
302666.3884485450	4124038.1256776839	28.3698730829
302666.3907222154	4124037.6256843745	28.3686397024
302666.3929958857	4124037.1256910656	28.3674063219
302666.3952695561	4124036.6256977562	28.3661729414
302666.3975432265	4124036.1257044473	28.3649395609
302666.3998168969	4124035.6257111379	28.3637061804
302666.4022944937	4124035.1257172772	28.3636800474
302666.4047720905	4124034.6257234165	28.3636539144
302666.4072496873	4124034.1257295557	28.3636277813
302666.4097272841	4124033.6257356950	28.3636016483
302666.4122048809	4124033.1257418338	28.3635755153
302666.4146824777	4124032.6257479731	28.3635493822
302666.4171600745	4124032.1257541124	28.3635232492
302666.4196376713	4124031.6257602517	28.3634971162
302666.4221152681	4124031.1257663909	28.3634709831
302666.4245928649	4124030.6257725302	28.3634448501
302666.4270704617	4124030.1257786690	28.3634187171
302666.4295480585	4124029.6257848083	28.3633925840
302666.4320256553	4124029.1257909476	28.3633664510
302666.4345032522	4124028.6257970869	28.3633403180
302666.4369808489	4124028.1258032261	28.3633141849
302666.4394584457	4124027.6258093654	28.3632880519
302666.4419360425	4124027.1258155047	28.3632619189
302666.4444136393	4124026.6258216435	28.3632357858
302666.4468912361	4124026.1258277828	28.3632096528
302666.4493688329	4124025.6258339221	28.3631835198
302666.4518464297	4124025.1258400613	28.3631573867
302666.4543240265	4124024.6258462006	28.3631312537
302666.4568016233	4124024.1258523399	28.3631051207
302666.4598906165	4124023.6258619144	28.3632858416
302666.4629796096	4124023.1258714888	28.3634665625
302666.4660686027	4124022.6258810638	28.3636472835
302666.4691575958	4124022.1258906382	28.3638280044
302666.4722465889	4124021.6259002127	28.3640087253
302666.4753355820	4124021.1259097876	28.3641894463
302666.4784245752	4124020.6259193621	28.3643701672
302666.4815135683	4124020.1259289365	28.3645508881
302666.4846025614	4124019.6259385115	28.3647316091
302666.4876915545	4124019.1259480859	28.3649123300
302666.4910115214	4124018.6259604525	28.3637530353
302666.4943314883	4124018.1259728186	28.3625937405
302666.4976514552	4124017.6259851847	28.3614344458
302666.5009714221	4124017.1259975513	28.3602751511
302666.5042913890	4124016.6260099174	28.3591158564
302666.5076113559	4124016.1260222839	28.3579565616
302666.5109313228	4124015.6260346500	28.3567972669
302666.5150644700	4124015.1260521780	28.3574641879
302666.5191976173	4124014.6260697059	28.3581311089
302666.5233307646	4124014.1260872339	28.3587980299
302666.5274639119	4124013.6261047623	28.3594649509
302666.5315970592	4124013.1261222903	28.3601318719
302666.5357302065	4124012.6261398182	28.3607987929
302666.5398633538	4124012.1261573462	28.3614657139
302666.5439965011	4124011.6261748741	28.3621326349
302666.5481296484	4124011.1261924021	28.3627995560
302666.5522627957	4124010.6262099301	28.3634664770
302666.5563959430	4124010.1262274580	28.3641333980
302666.5605290903	4124009.6262449860	28.3648003190
302666.5646622375	4124009.1262625139	28.3654672400
302666.5687953848	4124008.6262800419	28.3661341610
302666.5729285321	4124008.1262975698	28.3668010820
302666.5770616794	4124007.6263150983	28.3674680030
302666.5811948268	4124007.1263326262	28.3681349240
302666.5853279741	4124006.6263501542	28.3688018450
302666.5894611213	4124006.1263676821	28.3694687660
302666.5928338841	4124005.6263790620	28.3695335389
302666.5962066469	4124005.1263904418	28.3695983118
302666.5995794097	4124004.6264018216	28.3696630847
302666.6029521725	4124004.1264132014	28.3697278576
302666.6063249353	4124003.6264245813	28.3697926305
302666.6096976981	4124003.1264359611	28.3698574034
302666.6130704609	4124002.6264473409	28.3699221763
302666.6164432237	4124002.1264587208	28.3699869492
302666.6166163767	4124002.1007899819	28.3699902745
302666.6199085845	4124001.6008008206	28.3699912563
302666.6232007923	4124001.1008116594	28.3699922381
302666.6264930001	4124000.6008224981	28.3699932200
302666.6297852079	4124000.1008333368	28.3699942018
302666.6330774157	4123999.6008441756	28.3699951836
302666.6363696235	4123999.1008550143	28.3699961654
302666.6393243468	4123998.6008637543	28.3698989641
302666.6422790703	4123998.1008724943	28.3698017627
302666.6452337936	4123997.6008812343	28.3697045614
302666.6481885170	4123997.1008899743	28.3696073600
302666.6511432405	4123996.6008987138	28.3695101587
302666.6540979638	4123996.1009074538	28.3694129573
302666.6570526872	4123995.6009161938	28.3693157560
302666.6600074106	4123995.1009249338	28.3692185546
302666.6629621340	4123994.6009336738	28.3691213533
302666.6659168574	4123994.1009424133	28.3690241519
302666.6688715808	4123993.6009511533	28.3689269506
302666.6718263042	4123993.1009598933	28.3688297492
302666.6746336823	4123992.6009677947	28.3686896814
302666.6774410604	4123992.1009756955	28.3685496135
302666.6802484386	4123991.6009835964	28.3684095457
302666.6830558166	4123991.1009914977	28.3682694778
302666.6858631948	4123990.6009993986	28.3681294099
302666.6886705729	4123990.1010072995	28.3679893421
302666.6914779510	4123989.6010152008	28.3678492742
302666.6942853291	4123989.1010231017	28.3677092064
302666.6970927073	4123988.6010310031	28.3675691385
302666.6999000853	4123988.1010389039	28.3674290707
302666.7027074635	4123987.6010468048	28.3672890028
302666.7052491049	4123987.1010534386	28.3668724156
302666.7077907463	4123986.6010600720	28.3664558283
302666.7103323877	4123986.1010667058	28.3660392411
302666.7128740291	4123985.6010733391	28.3656226538
302666.7154156705	4123985.1010799725	28.3652060666
302666.7179573120	4123984.6010866063	28.3647894793
302666.7204989534	4123984.1010932396	28.3643728921
302666.7230405948	4123983.6010998734	28.3639563048
302666.7255822362	4123983.1011065068	28.3635397175
302666.7281238776	4123982.6011131401	28.3631231303
302666.7306655190	4123982.1011197739	28.3627065430
302666.7332071604	4123981.6011264073	28.3622899558
302666.7357488018	4123981.1011330411	28.3618733685
302666.7382904433	4123980.6011396744	28.3614567813
302666.7500644131	4123980.1012790236	28.3606180157
302666.7618383830	4123979.6014183732	28.3597792501
302666.7736123528	4123979.1015577223	28.3589404845
302666.7853863228	4123978.6016970715	28.3581017190
302666.7971602926	4123978.1018364211	28.3572629534
302666.8089342625	4123977.6019757702	28.3564241878
302666.8207082324	4123977.1021151193	28.3555854222
302666.8324822023	4123976.6022544689	28.3547466566
302666.8514660968	4123976.1026150072	28.3546055503
302666.8704499913	4123975.6029755450	28.3544644440
302666.8894338857	4123975.1033360832	28.3543233377
302666.9084177803	4123974.6036966215	28.3541822314
302666.9274016748	4123974.1040571597	28.3540411252
302666.9463855693	4123973.6044176980	28.3539000189
302666.9653694638	4123973.1047782358	28.3537589126
302666.9843533583	4123972.6051387740	28.3536178063
302667.0033372528	4123972.1054993123	28.3534767000
302667.0223211473	4123971.6058598505	28.3533355937
302667.0413050418	4123971.1062203883	28.3531944874
302667.0602889363	4123970.6065809266	28.3530533811
302667.0792728308	4123970.1069414648	28.3529122748
302667.0982567253	4123969.6073020031	28.3527711685
302667.1275888105	4123969.1081632427	28.3531272047
302667.1569208957	4123968.6090244823	28.3534832410
302667.1862529810	4123968.1098857219	28.3538392772
302667.2155850662	4123967.6107469620	28.3541953134
302667.2449171514	4123967.1116082016	28.3545513497
302667.2742492366	4123966.6124694413	28.3549073859
302667.3035813218	4123966.1133306809	28.3552634221
302667.3329134071	4123965.6141919205	28.3556194584
302667.3622454923	4123965.1150531606	28.3559754946
302667.3915775775	4123964.6159144002	28.3563315308
302667.4209096627	4123964.1167756398	28.3566875671
302667.4455183207	4123963.6173821548	28.3574366212
302667.4701269786	4123963.1179886698	28.3581856753
302667.4947356366	4123962.6185951848	28.3589347294
302667.5193442946	4123962.1192016997	28.3596837835
302667.5439529526	4123961.6198082147	28.3604328376
302667.5685616105	4123961.1204147297	28.3611818917
302667.5931702685	4123960.6210212447	28.3619309458
302667.6177789265	4123960.1216277597	28.3626799999
302667.6423875844	4123959.6222342746	28.3634290540
302667.6669962424	4123959.1228407896	28.3641781081
302667.6971128248	4123958.6237505642	28.3655702808
302667.7272294072	4123958.1246603387	28.3669624534
302667.7573459896	4123957.6255701128	28.3683546260
302667.7874625721	4123957.1264798874	28.3697467987
302667.8312328182	4123956.6283995868	28.3701706733
302667.8750030643	4123956.1303192861	28.3705945479
302667.9187733104	4123955.6322389855	28.3710184225
302667.9625435565	4123955.1341586849	28.3714422972
302668.0063138027	4123954.6360783842	28.3718661718
302668.0500840488	4123954.1379980836	28.3722900464
302668.0938542949	4123953.6399177830	28.3727139210
302668.1376245410	4123953.1418374823	28.3731377956
302668.1825612601	4123952.6438609315	28.3729225777
302668.2274979791	4123952.1458843811	28.3727073598
302668.2724346981	4123951.6479078303	28.3724921418
302668.3173714171	4123951.1499312795	28.3722769239
302668.3623081362	4123950.6519547291	28.3720617060
302668.4072448552	4123950.1539781783	28.3718464880
302668.4521815742	4123949.6560016279	28.3716312701
302668.4971182932	4123949.1580250771	28.3714160521
302668.5420550123	4123948.6600485267	28.3712008342
302668.5861699238	4123948.1619985048	28.3709765396
302668.6302848354	4123947.6639484828	28.3707522450
302668.6743997469	4123947.1658984609	28.3705279504
302668.7185146585	4123946.6678484390	28.3703036558
302668.7626295700	4123946.1697984175	28.3700793612
302668.8067444816	4123945.6717483955	28.3698550666
302668.8508593932	4123945.1736983736	28.3696307720
302668.8949743047	4123944.6756483517	28.3694064773
302668.9390892163	4123944.1775983297	28.3691821827
302668.9832041278	4123943.6795483083	28.3689578881
302669.0273190394	4123943.1814982863	28.3687335935
302669.0714339509	4123942.6834482644	28.3685092989
302669.1155488625	4123942.1853982424	28.3682850043
302669.1596637740	4123941.6873482205	28.3680607097
302669.2037786856	4123941.1892981986	28.3678364151
302669.2535128708	4123940.6917778812	28.3676254078
302669.3032470559	4123940.1942575639	28.3674144006
302669.3529812410	4123939.6967372461	28.3672033933
302669.4027154262	4123939.1992169288	28.3669923860
302669.4524496113	4123938.7016966115	28.3667813788
302669.5021837964	4123938.2041762937	28.3665703715
302669.5519179816	4123937.7066559764	28.3663593642
302669.6016521667	4123937.2091356590	28.3661483570
302669.6513863518	4123936.7116153412	28.3659373497
302669.7011205370	4123936.2140950239	28.3657263424
302669.7458794913	4123935.7161025321	28.3660642435
302669.7906384455	4123935.2181100403	28.3664021447
302669.8353973998	4123934.7201175489	28.3667400458
302669.8801563540	4123934.2221250571	28.3670779469
302669.9249153083	4123933.7241325653	28.3674158480
302669.9696742626	4123933.2261400735	28.3677537491
302670.0144332168	4123932.7281475817	28.3680916503
302670.0591921710	4123932.2301550899	28.3684295514
302670.1039511253	4123931.7321625981	28.3687674525
302670.1487100795	4123931.2341701067	28.3691053536
302670.1934690338	4123930.7361776149	28.3694432547
302670.2241433970	4123930.2371226083	28.3712276172
302670.2548177602	4123929.7380676018	28.3730119797
302670.2854921233	4123929.2390125953	28.3747963422
302670.3161664865	4123928.7399575887	28.3765807047
302670.3468408497	4123928.2409025822	28.3783650672
302670.3775152129	4123927.7418475756	28.3801494296
302670.4081895761	4123927.2427925696	28.3819337921
302670.4142037028	4123927.1449460387	28.3822836407
302670.3740018836	4123926.6465649437	28.3819707583
302670.3338000644	4123926.1481838487	28.3816578759
302670.2935982452	4123925.6498027537	28.3813449935
302670.2533964260	4123925.1514216587	28.3810321111
302670.2099798808	4123924.6533102789	28.3812702990
302670.1665633356	4123924.1551988986	28.3815084868
302670.1231467904	4123923.6570875188	28.3817466747
302670.0797302451	4123923.1589761390	28.3819848626
302670.0363136999	4123922.6608647588	28.3822230504
302669.9928971547	4123922.1627533790	28.3824612383
302669.9494806094	4123921.6646419987	28.3826994261
302669.9060640642	4123921.1665306189	28.3829376140
302669.8626475190	4123920.6684192391	28.3831758019
302669.8192309738	4123920.1703078588	28.3834139897
302669.7758144285	4123919.6721964790	28.3836521776
302669.7323978833	4123919.1740850988	28.3838903655
302669.6889813381	4123918.6759737190	28.3841285533
302669.6455647929	4123918.1778623392	28.3843667412
302669.6021482476	4123917.6797509589	28.3846049291
302669.5587317024	4123917.1816395791	28.3848431169
302669.5153151572	4123916.6835281993	28.3850813048
302669.4718986120	4123916.1854168191	28.3853194926
302669.4284820667	4123915.6873054393	28.3855576805
302669.3850655215	4123915.1891940590	28.3857958684
302669.3416489763	4123914.6910826792	28.3860340562
302669.2982324311	4123914.1929712994	28.3862722441
302669.2548158858	4123913.6948599191	28.3865104320
302669.2113993406	4123913.1967485393	28.3867486198
302669.1679827954	4123912.6986371591	28.3869868077
302669.1245662501	4123912.2005257793	28.3872249955
302669.0811497049	4123911.7024143995	28.3874631834
302669.0377331597	4123911.2043030192	28.3877013713
302668.9943166145	4123910.7061916394	28.3879395591
302668.9509000692	4123910.2080802592	28.3881777470
302668.9010969851	4123909.7105668033	28.3880605563
302668.8512939009	4123909.2130533471	28.3879433655
302668.8014908168	4123908.7155398908	28.3878261748
302668.7516877326	4123908.2180264345	28.3877089841
302668.7018846485	4123907.7205129783	28.3875917934
302668.6520815643	4123907.2229995225	28.3874746026
302668.6022784802	4123906.7254860662	28.3873574119
302668.5524753960	4123906.2279726099	28.3872402212
302668.5026723119	4123905.7304591537	28.3871230305
302668.4528692277	4123905.2329456974	28.3870058397
302668.4030661436	4123904.7354322416	28.3868886490
302668.3532630595	4123904.2379187853	28.3867714583
302668.3034599753	4123903.7404053290	28.3866542676
302668.2536568911	4123903.2428918728	28.3865370768
302668.2038538070	4123902.7453784165	28.3864198861
302668.1540507228	4123902.2478649607	28.3863026954
302668.1042476387	4123901.7503515044	28.3861855047
302668.0544445546	4123901.2528380482	28.3860683139
302668.0026981068	4123900.7555232188	28.3855528449
302667.9509516591	4123900.2582083894	28.3850373760
302667.8992052114	4123899.7608935605	28.3845219070
302667.8474587637	4123899.2635787311	28.3840064380
302667.7957123159	4123898.7662639017	28.3834909690
302667.7439658683	4123898.2689490723	28.3829755000
302667.6922194205	4123897.7716342430	28.3824600310
302667.6404729728	4123897.2743194136	28.3819445621
302667.5887265251	4123896.7770045847	28.3814290931
302667.5369800774	4123896.2796897553	28.3809136241
302667.4852336296	4123895.7823749259	28.3803981551
302667.4334871820	4123895.2850600965	28.3798826861
302667.3817407342	4123894.7877452672	28.3793672171
302667.3299942865	4123894.2904304378	28.3788517482
302667.2782478388	4123893.7931156089	28.3783362792
302667.2274634952	4123893.2957013939	28.3785588755
302667.1766791516	4123892.7982871793	28.3787814718
302667.1258948080	4123892.3008729648	28.3790040681
302667.0751104644	4123891.8034587502	28.3792266645
302667.0243261208	4123891.3060445357	28.3794492608
302666.9735417772	4123890.8086303212	28.3796718571
302666.9227574336	4123890.3112161066	28.3798944534
302666.8719730900	4123889.8138018916	28.3801170498
302666.8211887464	4123889.3163876771	28.3803396461
302666.7704044029	4123888.8189734626	28.3805622424
302666.7196200592	4123888.3215592480	28.3807848387
302666.6711527600	4123887.8239160581	28.3793095195
302666.6226854608	4123887.3262728686	28.3778342003
302666.5742181616	4123886.8286296786	28.3763588811
302666.5257508623	4123886.3309864891	28.3748835619
302666.4772835631	4123885.8333432991	28.3734082427
302666.4288162639	4123885.3357001091	28.3719329235
302666.3803489647	4123884.8380569196	28.3704576043
302666.3318816654	4123884.3404137297	28.3689822851
302666.2834143662	4123883.8427705402	28.3675069659
302666.2349470669	4123883.3451273502	28.3660316467
302666.1869765624	4123882.8474352239	28.3648576533
302666.1390060578	4123882.3497430980	28.3636836599
302666.0910355532	4123881.8520509717	28.3625096665
302666.0430650486	4123881.3543588454	28.3613356730
302665.9950945440	4123880.8566667195	28.3601616796
302665.9471240395	4123880.3589745932	28.3589876862
302665.8991535348	4123879.8612824669	28.3578136928
302665.8580896069	4123879.3629728248	28.3566938121
302665.8170256789	4123878.8646631823	28.3555739314
302665.7759617509	4123878.3663535397	28.3544540507
302665.7348978230	4123877.8680438977	28.3533341701
302665.6938338950	4123877.3697342551	28.3522142894
302665.6527699670	4123876.8714246131	28.3510944087
302665.6117060391	4123876.3731149705	28.3499745280
302665.5790300625	4123875.8741850853	28.3488564608
302665.5463540859	4123875.3752551996	28.3477383935
302665.5136781093	4123874.8763253144	28.3466203263
302665.4810021328	4123874.3773954292	28.3455022590
302665.4483261562	4123873.8784655440	28.3443841918
302665.4156501797	4123873.3795356583	28.3432661245
302665.3829742031	4123872.8806057731	28.3421480573
302665.3650990166	4123872.3809266309	28.3410378398
302665.3472238302	4123871.8812474888	28.3399276222
302665.3293486438	4123871.3815683466	28.3388174047
302665.3114734573	4123870.8818892045	28.3377071872
302665.2935982709	4123870.3822100624	28.3365969696
302665.2927891675	4123869.8822223875	28.3400131440
302665.2919800642	4123869.3822347121	28.3434293183
302665.2911709609	4123868.8822470373	28.3468454926
302665.2903618576	4123868.3822593624	28.3502616669
302665.2895527542	4123867.8822716875	28.3536778413
302665.2886312408	4123867.3822734496	28.3527223719
302665.2877097275	4123866.8822752116	28.3517669025
302665.2867882141	4123866.3822769737	28.3508114332
302665.2858667007	4123865.8822787357	28.3498559638
302665.2849451873	4123865.3822804978	28.3489004944
302665.2840236739	4123864.8822822603	28.3479450250
302665.2874653858	4123864.3822943550	28.3474457115
302665.2909070977	4123863.8823064496	28.3469463979
302665.2943488096	4123863.3823185447	28.3464470843
302665.2977905215	4123862.8823306393	28.3459477707
302665.3012322333	4123862.3823427344	28.3454484572
302665.3002973456	4123861.8823465221	28.3471553713
302665.2993624579	4123861.3823503093	28.3488622854
302665.2984275703	4123860.8823540970	28.3505691995
302665.2974926826	4123860.3823578847	28.3522761136
302665.2965577949	4123859.8823616724	28.3539830277
302665.2956229072	4123859.3823654600	28.3556899418
302665.2964230949	4123858.8823697004	28.3575872980
302665.2972232825	4123858.3823739402	28.3594846543
302665.2980234702	4123857.8823781805	28.3613820105
302665.2988236579	4123857.3823824208	28.3632793667
302665.2996238455	4123856.8823866611	28.3651767229
302665.3019751743	4123856.3823934849	28.3640388331
302665.3043265030	4123855.8824003083	28.3629009433
302665.3066778317	4123855.3824071321	28.3617630534
302665.3090291605	4123854.8824139554	28.3606251636
302665.3113804893	4123854.3824207792	28.3594872737
302665.3137318181	4123853.8824276025	28.3583493839
302665.3116112473	4123853.3824321320	28.3585292830
302665.3094906766	4123852.8824366610	28.3587091821
302665.3073701058	4123852.3824411905	28.3588890812
302665.3052495351	4123851.8824457196	28.3590689803
302665.3031289644	4123851.3824502486	28.3592488794
302665.3010083936	4123850.8824547781	28.3594287785
302665.3042738094	4123850.3824663516	28.3603831039
302665.3075392251	4123849.8824779256	28.3613374293
302665.3108046408	4123849.3824894996	28.3622917547
302665.3140700566	4123848.8825010732	28.3632460801
302665.3173354723	4123848.3825126472	28.3642004055
302665.3186667498	4123847.8825153806	28.3651809414
302665.3199980273	4123847.3825181145	28.3661614772
302665.3213293048	4123846.8825208484	28.3671420131
302665.3226605823	4123846.3825235819	28.3681225490
302665.3239918598	4123845.8825263157	28.3691030849
302665.3253231373	4123845.3825290496	28.3700836208
302665.3271709251	4123844.8825334623	28.3690843460
302665.3290187129	4123844.3825378753	28.3680850712
302665.3308665007	4123843.8825422884	28.3670857963
302665.3327142884	4123843.3825467010	28.3660865215
302665.3345620763	4123842.8825511141	28.3650872467
302665.3364098640	4123842.3825555271	28.3640879718
302665.3382576518	4123841.8825599398	28.3630886970
302665.3387988586	4123841.3825612590	28.3620756549
302665.3393400653	4123840.8825625782	28.3610626128
302665.3398812721	4123840.3825638974	28.3600495706
302665.3404224789	4123839.8825652166	28.3590365285
302665.3409636856	4123839.3825665358	28.3580234864
302665.3415048923	4123838.8825678546	28.3570104443
302665.3443524596	4123838.3825764628	28.3577169328
302665.3472000269	4123837.8825850706	28.3584234212
302665.3500475941	4123837.3825936783	28.3591299097
302665.3528951614	4123836.8826022861	28.3598363982
302665.3557427286	4123836.3826108938	28.3605428867
302665.3585902959	4123835.8826195020	28.3612493752
302665.3614378631	4123835.3826281098	28.3619558637
302665.3635635992	4123834.8826330849	28.3612803184
302665.3656893353	4123834.3826380600	28.3606047731
302665.3678150713	4123833.8826430351	28.3599292278
302665.3699408074	4123833.3826480103	28.3592536825
302665.3720665434	4123832.8826529854	28.3585781373
302665.3741922795	4123832.3826579605	28.3579025920
302665.3739379801	4123831.8826581021	28.3576248811
302665.3736836807	4123831.3826582441	28.3573471703
302665.3734293813	4123830.8826583857	28.3570694594
302665.3731750819	4123830.3826585277	28.3567917485
302665.3729207825	4123829.8826586693	28.3565140377
302665.3726664831	4123829.3826588113	28.3562363268
302665.3724121837	4123828.8826589528	28.3559586160
302665.3721578844	4123828.3826590949	28.3556809051
302665.3744230383	4123827.8826644965	28.3562012152
302665.3766881923	4123827.3826698982	28.3567215253
302665.3789533463	4123826.8826752999	28.3572418354
302665.3812185003	4123826.3826807016	28.3577621455
302665.3834836542	4123825.8826861032	28.3582824556
302665.3857488082	4123825.3826915049	28.3588027657
302665.3880139622	4123824.8826969066	28.3593230758
302665.3903328340	4123824.3827049457	28.3576915113
302665.3926517058	4123823.8827129849	28.3560599467
302665.3949705776	4123823.3827210241	28.3544283821
302665.3972894494	4123822.8827290633	28.3527968176
302665.3996083212	4123822.3827371029	28.3511652530
302665.4015165163	4123821.8827408077	28.3509128727
302665.4034247114	4123821.3827445125	28.3506604924
302665.4053329066	4123820.8827482173	28.3504081122
302665.4072411017	4123820.3827519226	28.3501557319
302665.4091492968	4123819.8827556274	28.3499033516
302665.4110574920	4123819.3827593322	28.3496509713
302665.4118195509	4123818.8827599133	28.3496680790
302665.4125816099	4123818.3827604945	28.3496851866
302665.4133436689	4123817.8827610752	28.3497022943
302665.4141057279	4123817.3827616563	28.3497194019
302665.4148677869	4123816.8827622375	28.3497365096
302665.4156298459	4123816.3827628186	28.3497536172
302665.4168488521	4123815.8827644885	28.3501829451
302665.4180678584	4123815.3827661588	28.3506122729
302665.4192868646	4123814.8827678291	28.3510416008
302665.4205058708	4123814.3827694994	28.3514709287
302665.4217248770	4123813.8827711698	28.3519002566
302665.4229438833	4123813.3827728401	28.3523295844
302665.4241628895	4123812.8827745104	28.3527589123
302665.4253443272	4123812.3827767707	28.3518291579
302665.4265257649	4123811.8827790311	28.3508994036
302665.4277072026	4123811.3827812914	28.3499696492
302665.4288886403	4123810.8827835517	28.3490398949
302665.4300700779	4123810.3827858116	28.3481101405
302665.4312515156	4123809.8827880719	28.3471803862
302665.4332789725	4123809.3827934088	28.3460729305
302665.4353064293	4123808.8827987462	28.3449654748
302665.4373338862	4123808.3828040832	28.3438580191
302665.4393613431	4123807.8828094201	28.3427505634
302665.4413887999	4123807.3828147575	28.3416431077
302665.4434162568	4123806.8828200945	28.3405356520
302665.4454437137	4123806.3828254314	28.3394281963
302665.4308705464	4123805.8830418871	28.3414360245
302665.4162973791	4123805.3832583423	28.3434438527
302665.4017242119	4123804.8834747979	28.3454516809
302665.3871510446	4123804.3836912531	28.3474595091
302665.3725778773	4123803.8839077088	28.3494673373
302665.3580047101	4123803.3841241640	28.3514751656
302665.3464588476	4123802.8842583401	28.3523976353
302665.3349129850	4123802.3843925158	28.3533201050
302665.3233671226	4123801.8845266919	28.3542425747
302665.3118212600	4123801.3846608675	28.3551650444
302665.3002753975	4123800.8847950436	28.3560875141
302665.2887295351	4123800.3849292193	28.3570099838
302665.2771836725	4123799.8850633954	28.3579324535
302665.2656378101	4123799.3851975710	28.3588549233
302665.2540919475	4123798.8853317471	28.3597773930
302665.2425460850	4123798.3854659228	28.3606998627
302665.2310002225	4123797.8856000989	28.3616223324
302665.2194543600	4123797.3857342750	28.3625448021
302665.2079084975	4123796.8858684506	28.3634672718
302665.1963626350	4123796.3860026267	28.3643897415
302665.1920200493	4123795.8860220085	28.3651132320
302665.1876774636	4123795.3860413902	28.3658367224
302665.1833348779	4123794.8860607720	28.3665602129
302665.1789922923	4123794.3860801542	28.3672837033
302665.1746497066	4123793.8860995360	28.3680071938
302665.1703071209	4123793.3861189177	28.3687306842
302665.1659645353	4123792.8861382995	28.3694541746
302665.1616219496	4123792.3861576812	28.3701776651
302665.1649504922	4123791.8861726569	28.3682038336
302665.1682790347	4123791.3861876321	28.3662300022
302665.1716075774	4123790.8862026078	28.3642561707
302665.1749361199	4123790.3862175830	28.3622823392
302665.1782646625	4123789.8862325586	28.3603085078
302665.1815932051	4123789.3862475338	28.3583346763
302665.1849217477	4123788.8862625095	28.3563608449
302665.1882502903	4123788.3862774847	28.3543870134
302665.1868775249	4123787.8862819369	28.3527846362
302665.1855047595	4123787.3862863891	28.3511822590
302665.1841319942	4123786.8862908413	28.3495798818
302665.1827592289	4123786.3862952935	28.3479775046
302665.1813864635	4123785.8862997456	28.3463751274
302665.1800136981	4123785.3863041978	28.3447727502
302665.1839336621	4123784.8863318926	28.3412616095
302665.1878536261	4123784.3863595878	28.3377504687
302665.1917735901	4123783.8863872825	28.3342393280
302665.1956935541	4123783.3864149777	28.3307281872
302665.1996135181	4123782.8864426725	28.3272170465
302665.2035334821	4123782.3864703677	28.3237059058
302665.2074534461	4123781.8864980624	28.3201947650
302665.2113734101	4123781.3865257576	28.3166836243
302665.2152933740	4123780.8865534524	28.3131724835
302665.2149433772	4123780.3865661304	28.3096291617
302665.2145933805	4123779.8865788081	28.3060858399
302665.2142433836	4123779.3865914857	28.3025425181
302665.2141488345	4123779.2515234421	28.3015853148
302665.2137169495	4123778.7515361882	28.2980413783
302665.2132850644	4123778.2515489343	28.2944974419
302665.2151985434	4123777.7515728031	28.2900022766
302665.2171120224	4123777.2515966715	28.2855071114
302665.2190255013	4123776.7516205399	28.2810119461
302665.2209389803	4123776.2516444083	28.2765167809
302665.2228524593	4123775.7516682767	28.2720216157
302665.2247659382	4123775.2516921451	28.2675264504
302665.2274587692	4123774.7517404379	28.2611202830
302665.2301516001	4123774.2517887307	28.2547141156
302665.2328444311	4123773.7518370231	28.2483079482
302665.2355372621	4123773.2518853159	28.2419017808
302665.2382300930	4123772.7519336087	28.2354956134
302665.2409229240	4123772.2519819015	28.2290894460
302665.2428934773	4123771.7520063003	28.2245600460
302665.2448640306	4123771.2520306995	28.2200306459
302665.2468345840	4123770.7520550988	28.2155012459
302665.2488051373	4123770.2520794980	28.2109718458
302665.2507756906	4123769.7521038968	28.2064424458
302665.2527462440	4123769.2521282961	28.2019130457
302665.2547167973	4123768.7521526953	28.1973836457
302665.2701079933	4123768.2524058451	28.1933591160
302665.2854991894	4123767.7526589949	28.1893345863
302665.3008903855	4123767.2529121446	28.1853100565
302665.3162815815	4123766.7531652944	28.1812855268
302665.3316727776	4123766.2534184447	28.1772609971
302665.3470639737	4123765.7536715944	28.1732364674
302665.3624551697	4123765.2539247442	28.1692119376
302665.3778463657	4123764.7541778940	28.1651874079
302665.3932375618	4123764.2544310438	28.1611628782
302665.4086287579	4123763.7546841935	28.1571383485
302665.4240199539	4123763.2549373433	28.1531138187
302665.4395353438	4123762.7551781302	28.1530766095
302665.4550507336	4123762.2554189167	28.1530394003
302665.4705661235	4123761.7556597036	28.1530021910
302665.4860815133	4123761.2559004901	28.1529649818
302665.5015969032	4123760.7561412770	28.1529277726
302665.5171122930	4123760.2563820635	28.1528905634
302665.5326276828	4123759.7566228504	28.1528533541
302665.5481430727	4123759.2568636369	28.1528161449
302665.5636584625	4123758.7571044238	28.1527789357
302665.5791738524	4123758.2573452103	28.1527417265
302665.5946892423	4123757.7575859972	28.1527045172
302665.6102046321	4123757.2578267837	28.1526673080
302665.6257200220	4123756.7580675702	28.1526300988
302665.6298308705	4123756.2580845733	28.1523081486
302665.6339417192	4123755.7581015765	28.1519861984
302665.6380525678	4123755.2581185796	28.1516642482
302665.6421634165	4123754.7581355823	28.1513422981
302665.6462742651	4123754.2581525855	28.1510203479
302665.6503851137	4123753.7581695886	28.1506983977
302665.6544959624	4123753.2581865913	28.1503764475
302665.6586068110	4123752.7582035945	28.1500544974
302665.6627176596	4123752.2582205976	28.1497325472
302665.6666790347	4123751.7582387612	28.1481606291
302665.6706404099	4123751.2582569248	28.1465887110
302665.6746017850	4123750.7582750889	28.1450167928
302665.6785631601	4123750.2582932524	28.1434448747
302665.6825245352	4123749.7583114165	28.1418729566
302665.6864859103	4123749.2583295801	28.1403010385
302665.6904472854	4123748.7583477437	28.1387291204
302665.6944086605	4123748.2583659077	28.1371572023
302665.6983700356	4123747.7583840713	28.1355852841
302665.7023314107	4123747.2584022349	28.1340133660
302665.7062927858	4123746.7584203989	28.1324414479
302665.7094705533	4123746.2584318933	28.1312598368
302665.7126483207	4123745.7584433877	28.1300782256
302665.7158260882	4123745.2584548825	28.1288966145
302665.7190038557	4123744.7584663769	28.1277150033
302665.7221816231	4123744.2584778713	28.1265333922
302665.7253593905	4123743.7584893662	28.1253517810
302665.7285371580	4123743.2585008605	28.1241701699
302665.7317149254	4123742.7585123549	28.1229885587
302665.7354679701	4123742.2585286908	28.1244885756
302665.7392210148	4123741.7585450266	28.1259885925
302665.7429740595	4123741.2585613620	28.1274886094
302665.7467271042	4123740.7585776979	28.1289886263
302665.7504801489	4123740.2585940333	28.1304886432
302665.7542331936	4123739.7586103692	28.1319886601
302665.7567635676	4123739.4215118913	28.1330000000
302665.7620498747	4123738.9215504965	28.1297352758
302665.7673361817	4123738.4215891012	28.1264705516
302665.7726224888	4123737.9216277064	28.1232058274
302665.7779087958	4123737.4216663111	28.1199411032
302665.7831951029	4123736.9217049163	28.1166763790
302665.7884814100	4123736.4217435210	28.1134116548
302665.7937677170	4123735.9217821262	28.1101469306
302665.7720385909	4123735.4222546960	28.1105848370
302665.7503094649	4123734.9227272659	28.1110227433
302665.7285803389	4123734.4231998362	28.1114606497
302665.7068512128	4123733.9236724060	28.1118985561
302665.6851220868	4123733.4241449758	28.1123364625
302665.6633929607	4123732.9246175461	28.1127743688
302665.6416638347	4123732.4250901160	28.1132122752
302665.6199347086	4123731.9255626858	28.1136501816
302665.5982055826	4123731.4260352561	28.1140880880
302665.5612098716	4123730.9274060111	28.1136483615
302665.5242141606	4123730.4287767662	28.1132086350
302665.4872184495	4123729.9301475207	28.1127689085
302665.4502227385	4123729.4315182758	28.1123291821
302665.4132270275	4123728.9328890308	28.1118894556
302665.3762313165	4123728.4342597858	28.1114497291
302665.3392356054	4123727.9356305408	28.1110100026
302665.3022398944	4123727.4370012959	28.1105702761
302665.2652441834	4123726.9383720509	28.1101305497
302665.2122241140	4123726.4411913715	28.1106252616
302665.1592040447	4123725.9440106926	28.1111199735
302665.1061839754	4123725.4468300138	28.1116146854
302665.0531639061	4123724.9496493349	28.1121093974
302665.0001438367	4123724.4524686560	28.1126041093
302664.9299860322	4123723.9574161875	28.1116367937
302664.8598282277	4123723.4623637185	28.1106694780
302664.7896704231	4123722.9673112500	28.1097021624
302664.7195126187	4123722.4722587811	28.1087348468
302664.6493548141	4123721.9772063126	28.1077675311
302664.5791970096	4123721.4821538436	28.1068002155
302664.4965006720	4123720.9890399547	28.1067106723
302664.4138043345	4123720.4959260654	28.1066211292
302664.3311079969	4123720.0028121760	28.1065315860
302664.2484116593	4123719.5096982871	28.1064420428
302664.1657153217	4123719.0165843978	28.1063524996
302664.0830189842	4123718.5234705084	28.1062629565
302663.9821696985	4123718.0337470728	28.1068779737
302663.8813204127	4123717.5440236377	28.1074929909
302663.7804711270	4123717.0543002021	28.1081080082
302663.6796218412	4123716.5645767665	28.1087230254
302663.5787725555	4123716.0748533309	28.1093380426
302663.4779232697	4123715.5851298952	28.1099530599
302663.3672380880	4123715.0975403809	28.1122456133
302663.2565529062	4123714.6099508661	28.1145381666
302663.1458677245	4123714.1223613513	28.1168307200
302663.0351825427	4123713.6347718369	28.1191232734
302662.9244973610	4123713.1471823221	28.1214158268
302662.8041482692	4123712.6618824671	28.1217987089
302662.6837991775	4123712.1765826116	28.1221815910
302662.5634500858	4123711.6912827566	28.1225644730
302662.4431009940	4123711.2059829012	28.1229473551
302662.3227519022	4123710.7206830462	28.1233302372
302662.2024028104	4123710.2353831907	28.1237131193
302662.0615754152	4123709.7556521669	28.1287914384
302661.9207480199	4123709.2759211427	28.1338697576
302661.7799206247	4123708.7961901184	28.1389480767
302661.6390932295	4123708.3164590946	28.1440263958
302661.4982658342	4123707.8367280704	28.1491047150
302661.3574384390	4123707.3569970466	28.1541830341
302661.2194423645	4123706.8764201091	28.1558832399
302661.0814462899	4123706.3958431720	28.1575834456
302660.9434502153	4123705.9152662344	28.1592836514
302660.8054541408	4123705.4346892973	28.1609838572
302660.6674580662	4123704.9541123598	28.1626840630
302660.5141465559	4123704.4782089097	28.1660733214
302660.3608350455	4123704.0023054597	28.1694625799
302660.2075235351	4123703.5264020097	28.1728518383
302660.0542120247	4123703.0504985601	28.1762410968
302659.8976816225	4123702.5756420791	28.1793323554
302659.7411512204	4123702.1007855982	28.1824236140
302659.5846208183	4123701.6259291177	28.1855148725
302659.4167566538	4123701.1549497442	28.1852863085
302659.2488924893	4123700.6839703708	28.1850577444
302659.0810283248	4123700.2129909978	28.1848291804
302658.9131641604	4123699.7420116244	28.1846006163
302658.7423252884	4123699.2721048435	28.1859033980
302658.5714864164	4123698.8021980631	28.1872061796
302658.4006475444	4123698.3322912822	28.1885089612
302658.2298086724	4123697.8623845014	28.1898117429
302658.0514457462	4123697.3952930998	28.1933173180
302657.8730828199	4123696.9282016982	28.1968228931
302657.6947198937	4123696.4611102967	28.2003284682
302657.5113428270	4123695.9959519380	28.2010719301
302657.3279657603	4123695.5307935793	28.2018153919
302657.1445886936	4123695.0656352206	28.2025588538
302656.9612116270	4123694.6004768619	28.2033023156
302656.7672694550	4123694.1396319596	28.2062023567
302656.5733272830	4123693.6787870578	28.2091023977
302656.3793851110	4123693.2179421559	28.2120024387
302656.1854429391	4123692.7570972540	28.2149024797
302655.9915007671	4123692.2962523517	28.2178025208
302655.7911865771	4123691.8381375601	28.2200526271
302655.5908723870	4123691.3800227689	28.2223027334
302655.3905581969	4123690.9219079772	28.2245528398
302655.1902440069	4123690.4637931855	28.2268029461
302654.9899298168	4123690.0056783939	28.2290530525
302654.7770184784	4123689.5532817510	28.2315106327
302654.5641071400	4123689.1008851086	28.2339682129
302654.3511958016	4123688.6484884657	28.2364257931
302654.1382844633	4123688.1960918233	28.2388833733
302653.9253731249	4123687.7436951804	28.2413409535
302653.7124617865	4123687.2912985380	28.2437985336
302653.4838257710	4123686.8466432691	28.2464937438
302653.2551897553	4123686.4019880001	28.2491889539
302653.0265537398	4123685.9573327308	28.2518841640
302652.7979177242	4123685.5126774618	28.2545793741
302652.5692817087	4123685.0680221929	28.2572745842
302652.3406456931	4123684.6233669240	28.2599697943
302652.0845474784	4123684.1939420602	28.2627965723
302651.8284492636	4123683.7645171965	28.2656233502
302651.5723510488	4123683.3350923322	28.2684501282
302651.3162528340	4123682.9056674684	28.2712769062
302651.0601546193	4123682.4762426047	28.2741036842
302650.7778838408	4123682.0635421262	28.2753376971
302650.4956130625	4123681.6508416478	28.2765717100
302650.2133422841	4123681.2381411693	28.2778057230
302649.9310715057	4123680.8254406909	28.2790397359
302649.6266301368	4123680.4288107920	28.2786201175
302649.3221887679	4123680.0321808928	28.2782004992
302649.0177473990	4123679.6355509940	28.2777808809
302648.7133060301	4123679.2389210947	28.2773612625
302648.3926101291	4123678.8553144285	28.2771069114
302648.0719142281	4123678.4717077622	28.2768525603
302647.7512183272	4123678.0881010960	28.2765982092
302647.4305224262	4123677.7044944298	28.2763438580
302647.1098265252	4123677.3208877635	28.2760895069
302646.7891306242	4123676.9372810973	28.2758351558
302646.4541992677	4123676.5660393895	28.2765972593
302646.1192679111	4123676.1947976816	28.2773593628
302645.7843365545	4123675.8235559738	28.2781214663
302645.4494051979	4123675.4523142660	28.2788835698
302645.1144738414	4123675.0810725582	28.2796456733
302644.7795424848	4123674.7098308508	28.2804077768
302644.4358859314	4123674.3466517949	28.2814786677
302644.0922293780	4123673.9834727393	28.2825495587
302643.7485728246	4123673.6202936834	28.2836204496
302643.4049162712	4123673.2571146279	28.2846913406
302643.0612597179	4123672.8939355719	28.2857622315
302642.7176031644	4123672.5307565164	28.2868331224
302642.3666132620	4123672.1746583059	28.2872241808
302642.0156233595	4123671.8185600955	28.2876152392
302641.6646334570	4123671.4624618851	28.2880062975
302641.3136435546	4123671.1063636746	28.2883973559
302640.9626536521	4123670.7502654647	28.2887884143
302640.6116637497	4123670.3941672542	28.2891794727
302640.2537816911	4123670.0449976488	28.2901889096
302639.8958996325	4123669.6958280439	28.2911983466
302639.5380175740	4123669.3466584384	28.2922077835
302639.1801355155	4123668.9974888330	28.2932172205
302638.8222534569	4123668.6483192281	28.2942266575
302638.7615107830	4123668.5890553030	28.2943979874
