73.0960308346	256.6031088349	28.3542353475
73.0986200425	256.1031157073	28.3546456342
73.1012092503	255.6031225797	28.3550559209
73.1037984582	255.1031294521	28.3554662076
73.1063876660	254.6031363245	28.3558764943
73.1089768739	254.1031431968	28.3562867810
73.1115660817	253.6031500692	28.3566970677
73.1141552896	253.1031569416	28.3571073544
73.1167444974	252.6031638140	28.3575176411
73.1193337053	252.1031706864	28.3579279279
73.1219229131	251.6031775587	28.3583382146
73.1245121210	251.1031844311	28.3587485013
73.1271013289	250.6031913035	28.3591587880
73.1296905367	250.1031981759	28.3595690747
73.1322797446	249.6032050483	28.3599793614
73.1348689524	249.1032119206	28.3603896481
73.1368504543	248.6032158511	28.3604540453
73.1388319561	248.1032197817	28.3605184425
73.1408134580	247.6032237122	28.3605828397
73.1427949598	247.1032276427	28.3606472369
73.1447764617	246.6032315732	28.3607116341
73.1467579635	246.1032355037	28.3607760313
73.1487394654	245.6032394342	28.3608404284
73.1507209672	245.1032433647	28.3609048256
73.1527024691	244.6032472952	28.3609692228
73.1546839709	244.1032512258	28.3610336200
73.1566654728	243.6032551563	28.3610980172
73.1586469746	243.1032590868	28.3611624144
73.1606284765	242.6032630173	28.3612268116
73.1626099783	242.1032669478	28.3612912088
73.1645914802	241.6032708783	28.3613556060
73.1665729820	241.1032748088	28.3614200032
73.1687131311	240.6032794103	28.3615656413
73.1708532802	240.1032840118	28.3617112794
73.1729934292	239.6032886132	28.3618569175
73.1751335783	239.1032932147	28.3620025556
73.1772737274	238.6032978162	28.3621481937
73.1794138764	238.1033024176	28.3622938318
73.1815540255	237.6033070191	28.3624394699
73.1836941745	237.1033116206	28.3625851080
73.1858343236	236.6033162221	28.3627307461
73.1879744727	236.1033208235	28.3628763842
73.1901146217	235.6033254250	28.3630220223
73.1922547708	235.1033300265	28.3631676604
73.1943949199	234.6033346279	28.3633132985
73.1965350689	234.1033392294	28.3634589366
73.1986752180	233.6033438309	28.3636045747
73.2008153670	233.1033484323	28.3637502128
73.2029555161	232.6033530338	28.3638958510
73.2050956652	232.1033576353	28.3640414891
73.2072358142	231.6033622368	28.3641871272
73.2093759633	231.1033668382	28.3643327653
73.2115161124	230.6033714397	28.3644784034
73.2136562614	230.1033760412	28.3646240415
73.2157964105	229.6033806426	28.3647696796
73.2179365595	229.1033852441	28.3649153177
73.2210715342	228.6033951971	28.3652686160
73.2242065089	228.1034051501	28.3656219144
73.2273414836	227.6034151031	28.3659752128
73.2304764583	227.1034250560	28.3663285112
73.2336114330	226.6034350090	28.3666818095
73.2367464077	226.1034449620	28.3670351079
73.2398813823	225.6034549150	28.3673884063
73.2430163570	225.1034648680	28.3677417047
73.2461513317	224.6034748210	28.3680950030
73.2492863064	224.1034847740	28.3684483014
73.2524212811	223.6034947269	28.3688015998
73.2555562558	223.1035046799	28.3691548982
73.2586912305	222.6035146329	28.3695081965
73.2618262052	222.1035245859	28.3698614949
73.2649611798	221.6035345389	28.3702147933
73.2680961545	221.1035444919	28.3705680917
73.2703478789	220.6035498808	28.3700036203
73.2725996033	220.1035552697	28.3694391489
73.2748513277	219.6035606586	28.3688746776
73.2771030520	219.1035660475	28.3683102062
73.2793547764	218.6035714365	28.3677457348
73.2816065008	218.1035768254	28.3671812635
73.2838582252	217.6035822143	28.3666167921
73.2861099495	217.1035876032	28.3660523207
73.2883616739	216.6035929921	28.3654878494
73.2906133983	216.1035983811	28.3649233780
73.2928651227	215.6036037700	28.3643589066
73.2951168470	215.1036091589	28.3637944353
73.2973685714	214.6036145478	28.3632299639
73.2996202958	214.1036199367	28.3626654925
73.3018720202	213.6036253257	28.3621010212
73.3041237446	213.1036307146	28.3615365498
73.3063754689	212.6036361035	28.3609720784
73.3086271933	212.1036414924	28.3604076071
73.3108789177	211.6036468813	28.3598431357
73.3131306421	211.1036522703	28.3592786643
73.3153823664	210.6036576592	28.3587141930
73.3176340908	210.1036630481	28.3581497216
73.3198858152	209.6036684370	28.3575852502
73.3221375396	209.1036738259	28.3570207789
73.3249113747	208.6036817780	28.3575285736
73.3276852099	208.1036897301	28.3580363684
73.3304590451	207.6036976822	28.3585441631
73.3332328803	207.1037056343	28.3590519579
73.3360067154	206.6037135863	28.3595597526
73.3387805506	206.1037215384	28.3600675474
73.3415543858	205.6037294905	28.3605753421
73.3443282209	205.1037374426	28.3610831369
73.3471020561	204.6037453947	28.3615909317
73.3498758913	204.1037533467	28.3620987264
73.3526497265	203.6037612988	28.3626065212
73.3554235616	203.1037692509	28.3631143159
73.3581973968	202.6037772030	28.3636221107
73.3609712320	202.1037851551	28.3641299054
73.3637450671	201.6037931071	28.3646377002
73.3665189023	201.1038010592	28.3651454949
73.3688896671	200.6038067249	28.3649330778
73.3712604318	200.1038123906	28.3647206607
73.3736311966	199.6038180563	28.3645082435
73.3760019614	199.1038237219	28.3642958264
73.3783727261	198.6038293876	28.3640834093
73.3807434909	198.1038350533	28.3638709921
73.3831142556	197.6038407190	28.3636585750
73.3854850204	197.1038463846	28.3634461578
73.3878557851	196.6038520503	28.3632337407
73.3902265499	196.1038577160	28.3630213236
73.3925973147	195.6038633817	28.3628089064
73.3949680794	195.1038690474	28.3625964893
73.3973388442	194.6038747130	28.3623840722
73.3997096089	194.1038803787	28.3621716550
73.4020803737	193.6038860444	28.3619592379
73.4044511385	193.1038917101	28.3617468208
73.4068219032	192.6038973758	28.3615344036
73.4091926680	192.1039030414	28.3613219865
73.4115634327	191.6039087071	28.3611095694
73.4139341975	191.1039143728	28.3608971522
73.4163049623	190.6039200385	28.3606847351
73.4186757270	190.1039257041	28.3604723180
73.4210464918	189.6039313698	28.3602599008
73.4234172565	189.1039370355	28.3600474837
73.4265377612	188.6039468010	28.3598806066
73.4296582658	188.1039565665	28.3597137296
73.4327787704	187.6039663320	28.3595468525
73.4358992751	187.1039760975	28.3593799755
73.4390197797	186.6039858630	28.3592130984
73.4421402843	186.1039956285	28.3590462213
73.4452607890	185.6040053940	28.3588793443
73.4483812936	185.1040151594	28.3587124672
73.4515017982	184.6040249249	28.3585455902
73.4546223029	184.1040346904	28.3583787131
73.4577428075	183.6040444559	28.3582118360
73.4608633121	183.1040542214	28.3580449590
73.4639838168	182.6040639869	28.3578780819
73.4671043214	182.1040737524	28.3577112049
73.4702248260	181.6040835179	28.3575443278
73.4733453307	181.1040932834	28.3573774507
73.4762992951	180.6041020185	28.3572817874
73.4792532595	180.1041107537	28.3571861240
73.4822072239	179.6041194888	28.3570904606
73.4851611883	179.1041282239	28.3569947972
73.4881151528	178.6041369591	28.3568991338
73.4910691172	178.1041456942	28.3568034705
73.4940230816	177.6041544293	28.3567078071
73.4969770460	177.1041631645	28.3566121437
73.4999310105	176.6041718996	28.3565164803
73.5028849749	176.1041806347	28.3564208169
73.5058389393	175.6041893699	28.3563251535
73.5087929037	175.1041981050	28.3562294902
73.5117468681	174.6042068401	28.3561338268
73.5147008326	174.1042155753	28.3560381634
73.5176547970	173.6042243104	28.3559425000
73.5206087614	173.1042330455	28.3558468366
73.5235627258	172.6042417807	28.3557511733
73.5265166903	172.1042505158	28.3556555099
73.5294706547	171.6042592509	28.3555598465
73.5324246191	171.1042679861	28.3554641831
73.5353785835	170.6042767212	28.3553685197
73.5383325479	170.1042854563	28.3552728564
73.5412865124	169.6042941915	28.3551771930
73.5442404768	169.1043029266	28.3550815296
73.5450493748	168.6043036361	28.3553163919
73.5458582728	168.1043043455	28.3555512542
73.5466671709	167.6043050550	28.3557861165
73.5474760689	167.1043057645	28.3560209789
73.5482849669	166.6043064740	28.3562558412
73.5490938650	166.1043071835	28.3564907035
73.5499027630	165.6043078929	28.3567255658
73.5507116610	165.1043086024	28.3569604281
73.5515205591	164.6043093119	28.3571952905
73.5523294571	164.1043100214	28.3574301528
73.5531383551	163.6043107308	28.3576650151
73.5539472532	163.1043114403	28.3578998774
73.5547561512	162.6043121498	28.3581347397
73.5555650492	162.1043128593	28.3583696021
73.5563739473	161.6043135687	28.3586044644
73.5571828453	161.1043142782	28.3588393267
73.5601269214	160.6043229471	28.3588747146
73.5630709974	160.1043316160	28.3589101026
73.5660150735	159.6043402850	28.3589454906
73.5689591496	159.1043489539	28.3589808785
73.5719032257	158.6043576228	28.3590162665
73.5748473017	158.1043662917	28.3590516544
73.5777913778	157.6043749606	28.3590870424
73.5807354539	157.1043836295	28.3591224304
73.5836795299	156.6043922984	28.3591578183
73.5866236060	156.1044009673	28.3591932063
73.5895676821	155.6044096362	28.3592285942
73.5925117582	155.1044183052	28.3592639822
73.5954558342	154.6044269741	28.3592993701
73.5983999103	154.1044356430	28.3593347581
73.6013439864	153.6044443119	28.3593701461
73.6042880625	153.1044529808	28.3594055340
73.6072321385	152.6044616497	28.3594409220
73.6101762146	152.1044703186	28.3594763099
73.6131202907	151.6044789875	28.3595116979
73.6160643667	151.1044876564	28.3595470859
73.6190084428	150.6044963254	28.3595824738
73.6219525189	150.1045049943	28.3596178618
73.6248965950	149.6045136632	28.3596532497
73.6278406710	149.1045223321	28.3596886377
73.6296461482	148.6045256238	28.3595099397
73.6314516253	148.1045289155	28.3593312416
73.6332571025	147.6045322072	28.3591525436
73.6350625796	147.1045354989	28.3589738456
73.6368680568	146.6045387906	28.3587951476
73.6386735340	146.1045420822	28.3586164496
73.6404790111	145.6045453739	28.3584377516
73.6422844883	145.1045486656	28.3582590535
73.6440899654	144.6045519573	28.3580803555
73.6458954426	144.1045552490	28.3579016575
73.6477009197	143.6045585407	28.3577229595
73.6495063969	143.1045618324	28.3575442615
73.6513118740	142.6045651241	28.3573655634
73.6531173512	142.1045684158	28.3571868654
73.6549228283	141.6045717075	28.3570081674
73.6567283055	141.1045749992	28.3568294694
73.6593173295	140.6045817152	28.3567154529
73.6619063535	140.1045884313	28.3566014363
73.6644953775	139.6045951474	28.3564874198
73.6670844015	139.1046018635	28.3563734033
73.6696734255	138.6046085796	28.3562593868
73.6722624495	138.1046152957	28.3561453702
73.6748514736	137.6046220118	28.3560313537
73.6774404976	137.1046287279	28.3559173372
73.6800295216	136.6046354440	28.3558033206
73.6826185456	136.1046421601	28.3556893041
73.6852075696	135.6046488762	28.3555752876
73.6877965936	135.1046555922	28.3554612711
73.6903856176	134.6046623083	28.3553472545
73.6929746416	134.1046690244	28.3552332380
73.6955636656	133.6046757405	28.3551192215
73.6981526896	133.1046824566	28.3550052050
73.7007417136	132.6046891727	28.3548911884
73.7033307376	132.1046958888	28.3547771719
73.7059197616	131.6047026049	28.3546631554
73.7085087856	131.1047093210	28.3545491388
73.7110978097	130.6047160371	28.3544351223
73.7136868337	130.1047227531	28.3543211058
73.7162758577	129.6047294692	28.3542070893
73.7188648817	129.1047361853	28.3540930727
73.7208112931	128.6047400002	28.3542555166
73.7227577046	128.1047438152	28.3544179604
73.7247041161	127.6047476301	28.3545804043
73.7266505275	127.1047514450	28.3547428482
73.7285969390	126.6047552599	28.3549052920
73.7305433504	126.1047590748	28.3550677359
73.7324897619	125.6047628898	28.3552301797
73.7344361734	125.1047667047	28.3553926236
73.7363825848	124.6047705196	28.3555550674
73.7383289963	124.1047743345	28.3557175113
73.7402754077	123.6047781494	28.3558799551
73.7422218192	123.1047819644	28.3560423990
73.7441682307	122.6047857793	28.3562048429
73.7461146421	122.1047895942	28.3563672867
73.7480610536	121.6047934091	28.3565297306
73.7500074650	121.1047972240	28.3566921744
73.7524348654	120.6048044834	28.3578613546
73.7548622657	120.1048117427	28.3590305348
73.7572896660	119.6048190020	28.3601997151
73.7597170663	119.1048262613	28.3613688953
73.7621444667	118.6048335206	28.3625380755
73.7645718670	118.1048407799	28.3637072557
73.7669992673	117.6048480392	28.3648764359
73.7694266676	117.1048552985	28.3660456161
73.7718540679	116.6048625578	28.3672147963
73.7742814683	116.1048698171	28.3683839765
73.7767088686	115.6048770764	28.3695531567
73.7791362689	115.1048843357	28.3707223369
73.7815636692	114.6048915950	28.3718915171
73.7839910696	114.1048988543	28.3730606973
73.7864184699	113.6049061137	28.3742298775
73.7888458702	113.1049133730	28.3753990577
73.7912732705	112.6049206323	28.3765682379
73.7937006709	112.1049278916	28.3777374182
73.7961280712	111.6049351509	28.3789065984
73.7985554715	111.1049424102	28.3800757786
73.8009828718	110.6049496695	28.3812449588
73.8034102722	110.1049569288	28.3824141390
73.8058376725	109.6049641881	28.3835833192
73.8082650728	109.1049714474	28.3847524994
73.8116823887	108.6049851204	28.3833401321
73.8150997045	108.1049987935	28.3819277648
73.8185170204	107.6050124665	28.3805153975
73.8219343362	107.1050261395	28.3791030302
73.8253516521	106.6050398125	28.3776906629
73.8287689679	106.1050534855	28.3762782956
73.8321862838	105.6050671585	28.3748659283
73.8356035997	105.1050808316	28.3734535610
73.8390209155	104.6050945046	28.3720411937
73.8424382314	104.1051081776	28.3706288264
73.8458555472	103.6051218506	28.3692164591
73.8492728631	103.1051355236	28.3678040918
73.8526901789	102.6051491966	28.3663917245
73.8561074948	102.1051628696	28.3649793572
73.8595248107	101.6051765427	28.3635669899
73.8629421265	101.1051902157	28.3621546226
73.8657004280	100.6051978493	28.3619954420
73.8684587295	100.1052054829	28.3618362614
73.8712170310	99.6052131166	28.3616770808
73.8739753325	99.1052207502	28.3615179002
73.8767336340	98.6052283838	28.3613587196
73.8794919355	98.1052360174	28.3611995391
73.8822502370	97.6052436510	28.3610403585
73.8850085385	97.1052512847	28.3608811779
73.8877668400	96.6052589183	28.3607219973
73.8905251415	96.1052665519	28.3605628167
73.8932834430	95.6052741855	28.3604036361
73.8960417446	95.1052818192	28.3602444555
73.8988000461	94.6052894528	28.3600852749
73.9015583476	94.1052970864	28.3599260943
73.9043166491	93.6053047200	28.3597669137
73.9070749506	93.1053123537	28.3596077331
73.9098332521	92.6053199873	28.3594485525
73.9125915536	92.1053276209	28.3592893720
73.9153498551	91.6053352545	28.3591301914
73.9181081566	91.1053428882	28.3589710108
73.9208664581	90.6053505218	28.3588118302
73.9236247596	90.1053581554	28.3586526496
73.9263830611	89.6053657890	28.3584934690
73.9285711330	89.2087379177	28.3583671962
73.9313138244	88.7087556504	28.3615625103
73.9340565158	88.2087733831	28.3647578245
73.9367992073	87.7087911158	28.3679531387
73.9395418987	87.2088088485	28.3711484529
73.9422845901	86.7088265812	28.3743437671
73.9450272815	86.2088443139	28.3775390813
73.9477699730	85.7088620466	28.3807343955
73.9505126644	85.2088797793	28.3839297097
73.9532553558	84.7088975120	28.3871250239
73.9559980472	84.2089152447	28.3903203381
73.9587407386	83.7089329774	28.3935156523
73.9614834301	83.2089507102	28.3967109665
73.9642261215	82.7089684429	28.3999062807
73.9669688129	82.2089861756	28.4031015949
73.9697115043	81.7090039083	28.4062969091
73.9724541957	81.2090216410	28.4094922233
73.9750862399	80.7090331999	28.4073402026
73.9777182841	80.2090447589	28.4051881818
73.9803503282	79.7090563179	28.4030361611
73.9829823724	79.2090678769	28.4008841404
73.9856144166	78.7090794359	28.3987321196
73.9882464607	78.2090909949	28.3965800989
73.9908785049	77.7091025538	28.3944280781
73.9935105490	77.2091141128	28.3922760574
73.9961425932	76.7091256718	28.3901240367
73.9987746374	76.2091372308	28.3879720159
74.0014066815	75.7091487898	28.3858199952
74.0040387257	75.2091603488	28.3836679744
74.0066707698	74.7091719077	28.3815159537
74.0093028140	74.2091834667	28.3793639330
74.0119348582	73.7091950257	28.3772119122
74.0145669023	73.2092065847	28.3750598915
74.0171989465	72.7092181437	28.3729078707
74.0198309907	72.2092297027	28.3707558500
74.0224630348	71.7092412616	28.3686038293
74.0250950790	71.2092528206	28.3664518085
74.0277271231	70.7092643796	28.3642997878
74.0303591673	70.2092759386	28.3621477670
74.0329912115	69.7092874976	28.3599957463
74.0356232556	69.2092990566	28.3578437256
74.0380997604	68.7093051972	28.3579302760
74.0405762652	68.2093113378	28.3580168265
74.0430527699	67.7093174784	28.3581033770
74.0455292747	67.2093236190	28.3581899275
74.0480057795	66.7093297596	28.3582764779
74.0504822843	66.2093359002	28.3583630284
74.0529587890	65.7093420408	28.3584495789
74.0554352938	65.2093481814	28.3585361294
74.0579117986	64.7093543220	28.3586226799
74.0603883034	64.2093604626	28.3587092303
74.0628648081	63.7093666032	28.3587957808
74.0653413129	63.2093727438	28.3588823313
74.0678178177	62.7093788844	28.3589688818
74.0702943224	62.2093850250	28.3590554323
74.0727708272	61.7093911656	28.3591419827
74.0752473320	61.2093973062	28.3592285332
74.0777238368	60.7094034468	28.3593150837
74.0808713079	60.2094143417	28.3603091517
74.0840187790	59.7094252366	28.3613032197
74.0871662501	59.2094361314	28.3622972877
74.0903137212	58.7094470263	28.3632913557
74.0934611923	58.2094579212	28.3642854238
74.0966086634	57.7094688160	28.3652794918
74.0997561345	57.2094797109	28.3662735598
74.1029036056	56.7094906058	28.3672676278
74.1060510767	56.2095015006	28.3682616958
74.1091985478	55.7095123955	28.3692557638
74.1123460189	55.2095232904	28.3702498318
74.1154934900	54.7095341852	28.3712438999
74.1186409611	54.2095450801	28.3722379679
74.1217884322	53.7095559749	28.3732320359
74.1249359033	53.2095668698	28.3742261039
74.1280833744	52.7095777647	28.3752201719
74.1312308455	52.2095886595	28.3762142399
74.1343783166	51.7095995544	28.3772083079
74.1375257877	51.2096104493	28.3782023759
74.1406732588	50.7096213441	28.3791964440
74.1438207299	50.2096322390	28.3801905120
74.1469682010	49.7096431339	28.3811845800
74.1501156721	49.2096540287	28.3821786480
74.1518135237	48.7096575353	28.3829685303
74.1535113752	48.2096610420	28.3837584126
74.1552092268	47.7096645486	28.3845482950
74.1569070784	47.2096680552	28.3853381773
74.1586049300	46.7096715619	28.3861280596
74.1603027815	46.2096750685	28.3869179419
74.1620006331	45.7096785751	28.3877078242
74.1636984847	45.2096820817	28.3884977065
74.1653963362	44.7096855884	28.3892875889
74.1670941878	44.2096890950	28.3900774712
74.1687920394	43.7096926016	28.3908673535
74.1704898910	43.2096961082	28.3916572358
74.1721877425	42.7096996149	28.3924471181
74.1738855941	42.2097031215	28.3932370005
74.1755834457	41.7097066281	28.3940268828
74.1772812973	41.2097101347	28.3948167651
74.1800842521	40.7097182083	28.3943509888
74.1828872069	40.2097262819	28.3938852125
74.1856901618	39.7097343554	28.3934194362
74.1884931166	39.2097424290	28.3929536599
74.1912960714	38.7097505026	28.3924878836
74.1940990262	38.2097585762	28.3920221074
74.1969019811	37.7097666497	28.3915563311
74.1997049359	37.2097747233	28.3910905548
74.2025078907	36.7097827969	28.3906247785
74.2053108456	36.2097908704	28.3901590022
74.2081138004	35.7097989440	28.3896932259
74.2109167552	35.2098070176	28.3892274496
74.2137197101	34.7098150911	28.3887616733
74.2165226649	34.2098231647	28.3882958970
74.2193256197	33.7098312383	28.3878301208
74.2221285746	33.2098393118	28.3873643445
74.2249315294	32.7098473854	28.3868985682
74.2277344842	32.2098554590	28.3864327919
74.2305374391	31.7098635325	28.3859670156
74.2333403939	31.2098716061	28.3855012393
74.2361433487	30.7098796797	28.3850354630
74.2389463035	30.2098877533	28.3845696867
74.2417492584	29.7098958268	28.3841039104
74.2445522132	29.2099039004	28.3836381341
74.2479563538	28.7099155096	28.3837827299
74.2513604944	28.2099271188	28.3839273257
74.2547646349	27.7099387280	28.3840719215
74.2581687755	27.2099503373	28.3842165173
74.2615729161	26.7099619465	28.3843611131
74.2649770567	26.2099735557	28.3845057089
74.2683811973	25.7099851649	28.3846503047
74.2717853378	25.2099967741	28.3847949004
74.2751894784	24.7100083833	28.3849394962
74.2785936190	24.2100199925	28.3850840920
74.2819977596	23.7100316018	28.3852286878
74.2854019001	23.2100432110	28.3853732836
74.2869727461	22.7100457128	28.3855582712
74.2885435921	22.2100482145	28.3857432587
74.2901144380	21.7100507163	28.3859282463
74.2916852840	21.2100532181	28.3861132338
74.2932561300	20.7100557199	28.3862982214
74.2956118660	20.2100612716	28.3862519919
74.2979676020	19.7100668232	28.3862057623
74.3003233381	19.2100723749	28.3861595327
74.3026790741	18.7100779265	28.3861133032
74.3050348101	18.2100834782	28.3860670736
74.3073905461	17.7100890299	28.3860208441
74.3097462822	17.2100945815	28.3859746145
74.3121020182	16.7101001332	28.3859283850
74.3144577542	16.2101056848	28.3858821554
74.3168134903	15.7101112365	28.3858359258
74.3191692263	15.2101167882	28.3857896963
74.3215249623	14.7101223398	28.3857434667
74.3238806984	14.2101278915	28.3856972372
74.3262364344	13.7101334431	28.3856510076
74.3285921704	13.2101389948	28.3856047781
74.3309479064	12.7101445465	28.3855585485
74.3333036425	12.2101500981	28.3855123189
74.3356593785	11.7101556498	28.3854660894
74.3380151145	11.2101612014	28.3854198598
74.3403708506	10.7101667531	28.3853736303
74.3427265866	10.2101723048	28.3853274007
74.3450823226	9.7101778564	28.3852811712
74.3474380586	9.2101834081	28.3852349416
74.3491320230	8.7101862870	28.3853320859
74.3508259873	8.2101891660	28.3854292302
74.3525199517	7.7101920450	28.3855263744
74.3542139160	7.2101949239	28.3856235187
74.3559078803	6.7101978029	28.3857206630
74.3562041497	6.6227497910	28.3857376532
74.3577726395	6.1227522666	28.3858619816
74.3593411293	5.6227547423	28.3859863100
74.3609096191	5.1227572179	28.3861106384
74.3624781089	4.6227596935	28.3862349668
74.3640465987	4.1227621691	28.3863592952
74.3683263412	3.6227843701	28.3883301639
74.3726060837	3.1228065712	28.3903010326
74.3768858262	2.6228287722	28.3922719013
74.3811655687	2.1228509732	28.3942427700
74.3854453112	1.6228731742	28.3962136387
74.3897250537	1.1228953752	28.3981845074
74.3917504610	0.6228994775	28.3981895725
74.3937758682	0.1229035798	28.3981946376
74.3958012755	-0.3770923178	28.3981997027
74.3978266828	-0.8770882155	28.3982047678
74.3998520900	-1.3770841132	28.3982098329
74.4018774973	-1.8770800109	28.3982148980
74.4039029045	-2.3770759086	28.3982199631
74.4059283118	-2.8770718063	28.3982250282
74.4079537191	-3.3770677039	28.3982300933
74.4099791263	-3.8770636016	28.3982351583
74.4120045336	-4.3770594993	28.3982402234
74.4140299408	-4.8770553970	28.3982452885
74.4160553481	-5.3770512947	28.3982503536
74.4180807554	-5.8770471924	28.3982554187
74.4201061626	-6.3770430900	28.3982604838
74.4221315699	-6.8770389877	28.3982655489
74.4241569771	-7.3770348854	28.3982706140
74.4261823844	-7.8770307831	28.3982756791
74.4282077917	-8.3770266808	28.3982807442
74.4302331989	-8.8770225785	28.3982858093
74.4322586062	-9.3770184761	28.3982908744
74.4342840134	-9.8770143738	28.3982959395
74.4363094207	-10.3770102715	28.3983010046
74.4383348280	-10.8770061692	28.3983060696
74.4398011335	-11.3770037041	28.3988673062
74.4412674391	-11.8770012391	28.3994285427
74.4427337447	-12.3769987740	28.3999897793
74.4442000503	-12.8769963090	28.4005510158
74.4456663559	-13.3769938440	28.4011122523
74.4471326615	-13.8769913789	28.4016734889
74.4485989671	-14.3769889139	28.4022347254
74.4500652727	-14.8769864488	28.4027959620
74.4515315783	-15.3769839838	28.4033571985
74.4529978839	-15.8769815187	28.4039184351
74.4544641895	-16.3769790537	28.4044796716
74.4560462531	-16.8769765506	28.4044913585
74.4576283167	-17.3769740476	28.4045030453
74.4592103803	-17.8769715445	28.4045147322
74.4607924439	-18.3769690414	28.4045264191
74.4623745075	-18.8769665384	28.4045381059
74.4650577832	-19.3769592380	28.4042213850
74.4677410588	-19.8769519377	28.4039046640
74.4704243345	-20.3769446374	28.4035879430
74.4731076102	-20.8769373370	28.4032712220
74.4757908859	-21.3769300367	28.4029545011
74.4784741615	-21.8769227363	28.4026377801
74.4811574372	-22.3769154360	28.4023210591
74.4838407129	-22.8769081357	28.4020043382
74.4865239886	-23.3769008353	28.4016876172
74.4892072642	-23.8768935350	28.4013708962
74.4918905399	-24.3768862347	28.4010541753
74.4945738156	-24.8768789343	28.4007374543
74.4972570913	-25.3768716340	28.4004207333
74.4999403669	-25.8768643337	28.4001040124
74.5026236426	-26.3768570333	28.3997872914
74.5053069183	-26.8768497330	28.3994705704
74.5079901940	-27.3768424327	28.3991538494
74.5106734696	-27.8768351323	28.3988371285
74.5133567453	-28.3768278320	28.3985204075
74.5160400210	-28.8768205317	28.3982036865
74.5187232967	-29.3768132313	28.3978869656
74.5214065723	-29.8768059310	28.3975702446
74.5240898480	-30.3767986307	28.3972535236
74.5267731237	-30.8767913303	28.3969368027
74.5283961497	-31.3767719340	28.4010309118
74.5300191757	-31.8767525377	28.4051250209
74.5316422016	-32.3767331414	28.4092191300
74.5332652276	-32.8767137451	28.4133132392
74.5348882536	-33.3766943487	28.4174073483
74.5365112796	-33.8766749524	28.4215014574
74.5381343056	-34.3766555561	28.4255955665
74.5397573315	-34.8766361598	28.4296896757
74.5423736849	-35.3766021735	28.4244800858
74.5449900382	-35.8765681872	28.4192704958
74.5476063916	-36.3765342009	28.4140609059
74.5502227449	-36.8765002146	28.4088513160
74.5528390983	-37.3764662284	28.4036417261
74.5554554517	-37.8764322421	28.3984321361
74.5580718050	-38.3763982558	28.3932225462
74.5606881584	-38.8763642695	28.3880129563
74.5629229242	-39.3763559553	28.3898350191
74.5651576901	-39.8763476412	28.3916570818
74.5673924560	-40.3763393270	28.3934791446
74.5696272219	-40.8763310128	28.3953012074
74.5718619877	-41.3763226987	28.3971232701
74.5740967536	-41.8763143845	28.3989453329
74.5763315195	-42.3763060704	28.4007673956
74.5785662854	-42.8762977562	28.4025894584
74.5808010512	-43.3762894420	28.4044115212
74.5830358171	-43.8762811279	28.4062335839
74.5852705830	-44.3762728137	28.4080556467
74.5875053489	-44.8762644996	28.4098777094
74.5897401148	-45.3762561854	28.4116997722
74.5919748806	-45.8762478712	28.4135218350
74.5942096465	-46.3762395571	28.4153438977
74.5964444124	-46.8762312429	28.4171659605
74.5986791783	-47.3762229288	28.4189880233
74.6009139441	-47.8762146146	28.4208100860
74.6031487100	-48.3762063004	28.4226321488
74.6053834759	-48.8761979863	28.4244542115
74.6076182418	-49.3761896721	28.4262762743
74.6098530076	-49.8761813580	28.4280983371
74.6120877735	-50.3761730438	28.4299203998
74.6143225394	-50.8761647296	28.4317424626
74.6175162598	-51.3761345771	28.4272757154
74.6207099801	-51.8761044245	28.4228089682
74.6239037005	-52.3760742719	28.4183422211
74.6270974208	-52.8760441193	28.4138754739
74.6302911412	-53.3760139667	28.4094087267
74.6334848615	-53.8759838141	28.4049419795
74.6366785819	-54.3759536615	28.4004752324
74.6398723023	-54.8759235089	28.3960084852
74.6430660226	-55.3758933563	28.3915417380
74.6472553001	-55.8758753667	28.3922045003
74.6514445775	-56.3758573771	28.3928672626
74.6556338550	-56.8758393875	28.3935300249
74.6598231325	-57.3758213978	28.3941927871
74.6640124099	-57.8758034082	28.3948555494
74.6682016874	-58.3757854186	28.3955183117
74.6723909649	-58.8757674290	28.3961810740
74.6744187273	-59.3757629019	28.3968254533
74.6764464898	-59.8757583748	28.3974698326
74.6784742523	-60.3757538478	28.3981142118
74.6805020147	-60.8757493207	28.3987585911
74.6825297772	-61.3757447936	28.3994029704
74.6845575397	-61.8757402666	28.4000473497
74.6865853022	-62.3757357395	28.4006917290
74.6886130646	-62.8757312125	28.4013361083
74.6906408271	-63.3757266854	28.4019804876
74.6926685896	-63.8757221583	28.4026248668
74.6946963520	-64.3757176313	28.4032692461
74.6967241145	-64.8757131042	28.4039136254
74.6987518770	-65.3757085771	28.4045580047
74.7007796395	-65.8757040501	28.4052023840
74.7028074019	-66.3756995230	28.4058467633
74.7048351644	-66.8756949959	28.4064911426
74.7068629269	-67.3756904689	28.4071355218
74.7088906893	-67.8756859418	28.4077799011
74.7109184518	-68.3756814147	28.4084242804
74.7129462143	-68.8756768877	28.4090686597
74.7149739768	-69.3756723606	28.4097130390
74.7170017392	-69.8756678335	28.4103574183
74.7190295017	-70.3756633065	28.4110017976
74.7210572642	-70.8756587794	28.4116461768
74.7239458870	-71.3756503892	28.4114317506
74.7268345098	-71.8756419990	28.4112173243
74.7297231327	-72.3756336088	28.4110028980
74.7326117555	-72.8756252186	28.4107884718
74.7355003783	-73.3756168284	28.4105740455
74.7383890012	-73.8756084383	28.4103596192
74.7412776240	-74.3756000481	28.4101451930
74.7441662469	-74.8755916579	28.4099307667
74.7470548697	-75.3755832677	28.4097163404
74.7499434925	-75.8755748775	28.4095019142
74.7528321154	-76.3755664873	28.4092874879
74.7557207382	-76.8755580971	28.4090730616
74.7586093610	-77.3755497069	28.4088586354
74.7614979839	-77.8755413167	28.4086442091
74.7643866067	-78.3755329265	28.4084297828
74.7672752295	-78.8755245363	28.4082153566
74.7698674462	-79.3755178029	28.4083330774
74.7724596628	-79.8755110694	28.4084507983
74.7750518794	-80.3755043359	28.4085685192
74.7776440961	-80.8754976024	28.4086862400
74.7802363127	-81.3754908689	28.4088039609
74.7828285294	-81.8754841354	28.4089216817
74.7854207460	-82.3754774019	28.4090394026
74.7880129626	-82.8754706684	28.4091571234
74.7906051793	-83.3754639349	28.4092748443
74.7931973959	-83.8754572014	28.4093925652
74.7957896126	-84.3754504679	28.4095102860
74.7983818292	-84.8754437345	28.4096280069
74.8009740458	-85.3754370010	28.4097457277
74.8035662625	-85.8754302675	28.4098634486
74.8061584791	-86.3754235340	28.4099811695
74.8087506958	-86.8754168005	28.4100988903
74.8113429124	-87.3754100670	28.4102166112
74.8139351290	-87.8754033335	28.4103343320
74.8165273457	-88.3753966000	28.4104520529
74.8191195623	-88.8753898665	28.4105697738
74.8217117790	-89.3753831330	28.4106874946
74.8243039956	-89.8753763995	28.4108052155
74.8268962122	-90.3753696661	28.4109229363
74.8294884289	-90.8753629326	28.4110406572
74.8307442576	-91.3753610477	28.4104859350
74.8320000864	-91.8753591629	28.4099312127
74.8332559151	-92.3753572781	28.4093764905
74.8345117438	-92.8753553933	28.4088217683
74.8357675726	-93.3753535084	28.4082670461
74.8370234013	-93.8753516236	28.4077123238
74.8382792301	-94.3753497388	28.4071576016
74.8395350588	-94.8753478540	28.4066028794
74.8432609853	-95.3753338587	28.4062674117
74.8469869118	-95.8753198634	28.4059319440
74.8507128383	-96.3753058682	28.4055964762
74.8544387648	-96.8752918729	28.4052610085
74.8581646913	-97.3752778776	28.4049255408
74.8618906178	-97.8752638824	28.4045900731
74.8656165443	-98.3752498871	28.4042546053
74.8693424708	-98.8752358919	28.4039191376
74.8714712647	-99.3752302487	28.4028649306
74.8736000587	-99.8752246056	28.4018107235
74.8757288526	-100.3752189624	28.4007565164
74.8778576465	-100.8752133193	28.3997023094
74.8799864404	-101.3752076761	28.3986481023
74.8821152344	-101.8752020330	28.3975938953
74.8842440283	-102.3751963898	28.3965396882
74.8863728222	-102.8751907467	28.3954854811
74.8885016161	-103.3751851035	28.3944312741
74.8906304101	-103.8751794604	28.3933770670
74.8927592040	-104.3751738172	28.3923228600
74.8948879979	-104.8751681741	28.3912686529
74.8970167918	-105.3751625309	28.3902144458
74.8991455858	-105.8751568878	28.3891602388
74.9012743797	-106.3751512446	28.3881060317
74.9034031736	-106.8751456015	28.3870518246
74.9055319675	-107.3751399583	28.3859976176
74.9076607615	-107.8751343152	28.3849434105
74.9097895554	-108.3751286720	28.3838892035
74.9119183493	-108.8751230289	28.3828349964
74.9140471432	-109.3751173858	28.3817807893
74.9161759372	-109.8751117426	28.3807265823
74.9183047311	-110.3751060995	28.3796723752
74.9204335250	-110.8751004563	28.3786181682
74.9244244712	-111.3750844293	28.3783033102
74.9284154174	-111.8750684022	28.3779884522
74.9324063636	-112.3750523752	28.3776735942
74.9363973098	-112.8750363481	28.3773587362
74.9403882560	-113.3750203211	28.3770438782
74.9443792022	-113.8750042940	28.3767290202
74.9483701485	-114.3749882670	28.3764141622
74.9523610947	-114.8749722400	28.3760993042
74.9563520409	-115.3749562129	28.3757844462
74.9603429871	-115.8749401859	28.3754695882
74.9643339333	-116.3749241588	28.3751547302
74.9668972548	-116.8749174733	28.3754936540
74.9694605764	-117.3749107878	28.3758325778
74.9720238979	-117.8749041022	28.3761715015
74.9745872194	-118.3748974167	28.3765104253
74.9771505410	-118.8748907312	28.3768493491
74.9791675617	-119.3748866102	28.3770786009
74.9811845824	-119.8748824893	28.3773078528
74.9832016032	-120.3748783683	28.3775371047
74.9852186239	-120.8748742474	28.3777663566
74.9872356446	-121.3748701264	28.3779956084
74.9892526654	-121.8748660055	28.3782248603
74.9912696861	-122.3748618845	28.3784541122
74.9932867068	-122.8748577636	28.3786833640
74.9953037275	-123.3748536427	28.3789126159
74.9973207483	-123.8748495217	28.3791418678
74.9993377690	-124.3748454008	28.3793711196
75.0013547897	-124.8748412798	28.3796003715
75.0033718105	-125.3748371589	28.3798296234
75.0053888312	-125.8748330379	28.3800588752
75.0074058519	-126.3748289170	28.3802881271
75.0094228727	-126.8748247960	28.3805173790
75.0114398934	-127.3748206751	28.3807466309
75.0134569141	-127.8748165541	28.3809758827
75.0154739349	-128.3748124332	28.3812051346
75.0174909556	-128.8748083122	28.3814343865
75.0195079763	-129.3748041913	28.3816636383
75.0215249971	-129.8748000704	28.3818928902
75.0235420178	-130.3747959494	28.3821221421
75.0255590385	-130.8747918285	28.3823513939
75.0295563486	-131.3747754949	28.3829470426
75.0335536586	-131.8747591614	28.3835426912
75.0375509686	-132.3747428278	28.3841383398
75.0415482787	-132.8747264943	28.3847339885
75.0455455887	-133.3747101607	28.3853296371
75.0495428988	-133.8746938272	28.3859252857
75.0535402088	-134.3746774936	28.3865209344
75.0575375189	-134.8746611600	28.3871165830
75.0615348289	-135.3746448265	28.3877122316
75.0655321390	-135.8746284929	28.3883078803
75.0677158163	-136.3746226867	28.3893265901
75.0698994937	-136.8746168804	28.3903452998
75.0720831710	-137.3746110742	28.3913640096
75.0742668483	-137.8746052679	28.3923827194
75.0764505257	-138.3745994617	28.3934014292
75.0786342030	-138.8745936554	28.3944201390
75.0806245812	-139.3745896880	28.3944964376
75.0826149593	-139.8745857206	28.3945727362
75.0846053374	-140.3745817531	28.3946490349
75.0865957156	-140.8745777857	28.3947253335
75.0885860937	-141.3745738182	28.3948016321
75.0905764718	-141.8745698508	28.3948779307
75.0925668500	-142.3745658833	28.3949542294
75.0945572281	-142.8745619159	28.3950305280
75.0946938111	-142.9088724726	28.3950357637
75.0966577740	-143.4088686127	28.3949832809
75.0986217369	-143.9088647527	28.3949307981
75.1005856997	-144.4088608928	28.3948783152
75.1025496626	-144.9088570329	28.3948258324
75.1045136255	-145.4088531730	28.3947733496
75.1064775883	-145.9088493131	28.3947208668
75.1084415512	-146.4088454532	28.3946683839
75.1104055141	-146.9088415932	28.3946159011
75.1123694769	-147.4088377333	28.3945634183
75.1143334398	-147.9088338734	28.3945109354
75.1162974027	-148.4088300135	28.3944584526
75.1182613655	-148.9088261536	28.3944059698
75.1202253284	-149.4088222936	28.3943534869
75.1221892913	-149.9088184337	28.3943010041
75.1241532541	-150.4088145738	28.3942485213
75.1261172170	-150.9088107139	28.3941960385
75.1289710424	-151.4088024838	28.3944888320
75.1318248678	-151.9087942536	28.3947816255
75.1346786933	-152.4087860235	28.3950744190
75.1375325187	-152.9087777934	28.3953672125
75.1403863441	-153.4087695633	28.3956600060
75.1432401696	-153.9087613332	28.3959527995
75.1460939950	-154.4087531031	28.3962455930
75.1489478204	-154.9087448730	28.3965383865
75.1518016458	-155.4087366428	28.3968311800
75.1546554713	-155.9087284127	28.3971239735
75.1553341898	-156.4087279479	28.3970593011
75.1560129083	-156.9087274830	28.3969946287
75.1566916268	-157.4087270182	28.3969299563
75.1573703454	-157.9087265534	28.3968652839
75.1580490639	-158.4087260885	28.3968006116
75.1587277824	-158.9087256237	28.3967359392
75.1598381363	-159.4087215641	28.3950546792
75.1609484903	-159.9087175046	28.3933734193
75.1620588442	-160.4087134451	28.3916921594
75.1631691981	-160.9087093855	28.3900108994
75.1642795520	-161.4087053260	28.3883296395
75.1653899060	-161.9087012664	28.3866483796
75.1665002599	-162.4086972069	28.3849671196
75.1676106138	-162.9086931474	28.3832858597
75.1687209677	-163.4086890878	28.3816045998
75.1698313216	-163.9086850283	28.3799233398
75.1709416756	-164.4086809688	28.3782420799
75.1720520295	-164.9086769092	28.3765608200
75.1731623834	-165.4086728497	28.3748795601
75.1742727373	-165.9086687902	28.3731983001
75.1753830913	-166.4086647306	28.3715170402
75.1764934452	-166.9086606711	28.3698357803
75.1767570645	-167.4086603538	28.3703335905
75.1770206838	-167.9086600365	28.3708314007
75.1772843032	-168.4086597191	28.3713292109
75.1775479225	-168.9086594018	28.3718270211
75.1778115419	-169.4086590845	28.3723248313
75.1780751612	-169.9086587672	28.3728226415
75.1783387805	-170.4086584499	28.3733204517
75.1786023999	-170.9086581326	28.3738182619
75.1788660192	-171.4086578153	28.3743160721
75.1791296385	-171.9086574980	28.3748138823
75.1793932579	-172.4086571807	28.3753116925
75.1796568772	-172.9086568634	28.3758095027
75.1799204965	-173.4086565460	28.3763073129
75.1801841159	-173.9086562287	28.3768051231
75.1804477352	-174.4086559114	28.3773029333
75.1807113546	-174.9086555941	28.3778007435
75.1809749739	-175.4086552768	28.3782985537
75.1812385932	-175.9086549595	28.3787963639
75.1823938407	-176.4086533070	28.3793601450
75.1835490882	-176.9086516546	28.3799239260
75.1847043356	-177.4086500021	28.3804877070
75.1858595831	-177.9086483497	28.3810514881
75.1870148305	-178.4086466972	28.3816152691
75.1881700780	-178.9086450448	28.3821790502
75.1893253255	-179.4086433924	28.3827428312
75.1904805729	-179.9086417399	28.3833066123
75.1916358204	-180.4086400875	28.3838703933
75.1927910678	-180.9086384350	28.3844341744
75.1939463153	-181.4086367826	28.3849979554
75.1951015628	-181.9086351301	28.3855617364
75.1962568102	-182.4086334777	28.3861255175
75.1974120577	-182.9086318252	28.3866892985
75.1985673051	-183.4086301728	28.3872530796
75.1997225526	-183.9086285203	28.3878168606
75.2008778001	-184.4086268679	28.3883806417
75.2020330475	-184.9086252154	28.3889444227
75.2031882950	-185.4086235630	28.3895082038
75.2043435424	-185.9086219105	28.3900719848
75.2054987899	-186.4086202581	28.3906357658
75.2066540374	-186.9086186056	28.3911995469
75.2078092848	-187.4086169532	28.3917633279
75.2089645323	-187.9086153007	28.3923271090
75.2101197797	-188.4086136483	28.3928908900
75.2108551822	-188.9086129912	28.3925498918
75.2115905847	-189.4086123341	28.3922088937
75.2123259872	-189.9086116770	28.3918678955
75.2130613897	-190.4086110199	28.3915268973
75.2137967922	-190.9086103628	28.3911858991
75.2145321947	-191.4086097057	28.3908449009
75.2152675972	-191.9086090486	28.3905039027
75.2160029997	-192.4086083915	28.3901629045
75.2167384022	-192.9086077344	28.3898219063
75.2174738047	-193.4086070773	28.3894809082
75.2182092072	-193.9086064202	28.3891399100
75.2189446097	-194.4086057631	28.3887989118
75.2196800121	-194.9086051060	28.3884579136
75.2204154146	-195.4086044489	28.3881169154
75.2211508171	-195.9086037918	28.3877759172
75.2218862196	-196.4086031347	28.3874349190
75.2226216221	-196.9086024776	28.3870939208
75.2233570246	-197.4086018205	28.3867529227
75.2240924271	-197.9086011634	28.3864119245
75.2248278296	-198.4086005063	28.3860709263
75.2255632321	-198.9085998492	28.3857299281
75.2262986346	-199.4085991921	28.3853889299
75.2311577163	-199.9085754638	28.3850467843
75.2360167981	-200.4085517355	28.3847046387
75.2408758798	-200.9085280072	28.3843624930
75.2457349616	-201.4085042789	28.3840203474
75.2505940433	-201.9084805506	28.3836782018
75.2554531251	-202.4084568223	28.3833360562
75.2603122068	-202.9084330940	28.3829939105
75.2651712886	-203.4084093657	28.3826517649
75.2700303703	-203.9083856374	28.3823096193
75.2748894521	-204.4083619091	28.3819674737
75.2797485338	-204.9083381808	28.3816253280
75.2846076156	-205.4083144525	28.3812831824
75.2894666973	-205.9082907242	28.3809410368
75.2943257791	-206.4082669959	28.3805988912
75.2991848608	-206.9082432676	28.3802567455
75.3040439426	-207.4082195393	28.3799145999
75.3089030243	-207.9081958110	28.3795724543
75.3137621061	-208.4081720827	28.3792303086
75.3186211878	-208.9081483544	28.3788881630
75.3234802696	-209.4081246261	28.3785460174
75.3283393513	-209.9081008978	28.3782038718
75.3331984331	-210.4080771695	28.3778617261
75.3380575148	-210.9080534412	28.3775195805
75.3429165966	-211.4080297129	28.3771774349
75.3477756783	-211.9080059846	28.3768352893
75.3526347601	-212.4079822563	28.3764931436
75.3574938418	-212.9079585280	28.3761509980
75.3623529236	-213.4079347997	28.3758088524
75.3681822255	-213.9079002879	28.3765367777
75.3740115273	-214.4078657760	28.3772647031
75.3798408292	-214.9078312642	28.3779926284
75.3856701311	-215.4077967524	28.3787205537
75.3914994330	-215.9077622406	28.3794484791
75.3973287349	-216.4077277287	28.3801764044
75.4031580368	-216.9076932169	28.3809043297
75.4089873387	-217.4076587051	28.3816322551
75.4142037028	-217.8550539613	28.3822836407
75.4335738474	-218.3546780095	28.3830633180
75.4529439920	-218.8543020578	28.3838429953
75.4723141366	-219.3539261061	28.3846226727
75.4916842813	-219.8535501543	28.3854023500
75.5110544259	-220.3531742026	28.3861820273
75.5304245705	-220.8527982508	28.3869617046
75.5497947152	-221.3524222991	28.3877413819
75.5691648598	-221.8520463474	28.3885210593
75.5722708658	-222.3520366985	28.3884829041
75.5753768718	-222.8520270497	28.3884447489
75.5784828778	-223.3520174009	28.3884065937
75.5815888838	-223.8520077521	28.3883684385
75.5846948898	-224.3519981033	28.3883302834
75.5878008958	-224.8519884544	28.3882921282
75.5909069019	-225.3519788056	28.3882539730
75.5940129079	-225.8519691568	28.3882158178
75.5971189139	-226.3519595080	28.3881776626
75.6002249199	-226.8519498591	28.3881395075
75.6033309259	-227.3519402103	28.3881013523
75.6064369319	-227.8519305615	28.3880631971
75.6095429379	-228.3519209127	28.3880250419
75.6126489439	-228.8519112639	28.3879868867
75.6157549499	-229.3519016150	28.3879487316
75.6188609559	-229.8518919662	28.3879105764
75.6219669619	-230.3518823174	28.3878724212
75.6250729679	-230.8518726686	28.3878342660
75.6281789740	-231.3518630197	28.3877961108
75.6312849800	-231.8518533709	28.3877579557
75.6343909860	-232.3518437221	28.3877198005
75.6374969920	-232.8518340733	28.3876816453
75.6406029980	-233.3518244245	28.3876434901
75.6437090040	-233.8518147756	28.3876053349
75.6468150100	-234.3518051268	28.3875671798
75.6499210160	-234.8517954780	28.3875290246
75.6530270220	-235.3517858292	28.3874908694
75.6561330280	-235.8517761803	28.3874527142
75.6592390340	-236.3517665315	28.3874145591
75.6497616098	-236.8516766977	28.3873495834
75.6402841855	-237.3515868638	28.3872846077
75.6308067613	-237.8514970299	28.3872196320
75.6213293370	-238.3514071961	28.3871546563
75.6118519127	-238.8513173622	28.3870896806
75.6023744885	-239.3512275283	28.3870247049
75.5928970642	-239.8511376945	28.3869597292
75.5834196400	-240.3510478606	28.3868947535
75.5739422157	-240.8509580268	28.3868297778
75.5644647914	-241.3508681929	28.3867648021
75.5549873672	-241.8507783590	28.3866998264
75.5455099429	-242.3506885252	28.3866348507
75.5360325187	-242.8505986913	28.3865698750
75.5265550944	-243.3505088574	28.3865048993
75.5170776701	-243.8504190236	28.3864399236
75.5076002459	-244.3503291897	28.3863749479
75.4981228216	-244.8502393559	28.3863099722
75.4886453974	-245.3501495220	28.3862449965
75.4791679731	-245.8500596881	28.3861800208
75.4696905488	-246.3499698543	28.3861150451
75.4602131246	-246.8498800204	28.3860500694
75.4471837054	-247.3497100314	28.3864908906
75.4341542862	-247.8495400424	28.3869317118
75.4211248670	-248.3493700535	28.3873725330
75.4080954479	-248.8492000645	28.3878133542
75.3950660287	-249.3490300755	28.3882541754
75.3820366095	-249.8488600865	28.3886949966
75.3690071903	-250.3486900975	28.3891358178
75.3559777712	-250.8485201085	28.3895766389
75.3429483520	-251.3483501195	28.3900174601
75.3299189328	-251.8481801306	28.3904582813
75.3168895136	-252.3480101416	28.3908991025
75.2936383954	-252.8474692227	28.3910078273
75.2703872772	-253.3469283038	28.3911165520
75.2471361591	-253.8463873848	28.3912252768
75.2238850409	-254.3458464659	28.3913340015
75.2006339227	-254.8453055470	28.3914427263
75.1773828045	-255.3447646281	28.3915514510
75.1541316863	-255.8442237092	28.3916601758
75.1308805681	-256.3436827903	28.3917689005
75.1076294499	-256.8431418714	28.3918776253
75.0843783318	-257.3426009525	28.3919863500
75.0622952568	-257.8421130387	28.3918702172
75.0402121819	-258.3416251250	28.3917540844
75.0181291070	-258.8411372112	28.3916379516
74.9960460320	-259.3406492975	28.3915218188
74.9739629571	-259.8401613837	28.3914056860
74.9480631975	-260.3394895333	28.3906301230
74.9221634379	-260.8388176829	28.3898545601
74.8962636783	-261.3381458325	28.3890789971
74.8703639187	-261.8374739820	28.3883034341
74.8444641590	-262.3368021316	28.3875278712
74.8174442489	-262.8360712981	28.3870547058
74.7904243387	-263.3353404645	28.3865815405
74.7634044286	-263.8346096310	28.3861083752
74.7363845184	-264.3338787974	28.3856352099
74.7093646083	-264.8331479639	28.3851620445
74.6843488156	-265.3325212840	28.3844568851
74.6593330230	-265.8318946041	28.3837517257
74.6343172304	-266.3312679243	28.3830465662
74.6093014378	-266.8306412444	28.3823414068
74.5842856451	-267.3300145646	28.3816362474
74.5589959127	-267.8293737289	28.3807118759
74.5337061802	-268.3287328932	28.3797875045
74.5084164478	-268.8280920575	28.3788631330
74.4831267153	-269.3274512218	28.3779387616
74.4578369829	-269.8268103861	28.3770143902
74.4369217079	-270.3263723320	28.3763714132
74.4160064329	-270.8259342780	28.3757284363
74.3950911578	-271.3254962239	28.3750854593
74.3741758828	-271.8250581699	28.3744424824
74.3532606078	-272.3246201159	28.3737995054
74.3323453328	-272.8241820618	28.3731565284
74.3303033932	-273.3241778792	28.3732710936
74.3282614536	-273.8241736965	28.3733856587
74.3262195140	-274.3241695138	28.3735002238
74.3241775744	-274.8241653312	28.3736147889
74.3221356348	-275.3241611485	28.3737293540
74.3200936952	-275.8241569659	28.3738439191
74.3192571798	-276.3241554888	28.3747255486
74.3184206643	-276.8241540118	28.3756071780
74.3175841489	-277.3241525348	28.3764888075
74.3167476335	-277.8241510577	28.3773704369
74.3159111181	-278.3241495807	28.3782520663
74.3168185526	-278.8241483980	28.3788514666
74.3177259871	-279.3241472153	28.3794508669
74.3186334216	-279.8241460326	28.3800502671
74.3195408561	-280.3241448498	28.3806496674
74.3204482907	-280.8241436671	28.3812490677
74.3213557252	-281.3241424844	28.3818484680
74.3233417228	-281.8241371043	28.3830467625
74.3253277205	-282.3241317241	28.3842450571
74.3273137181	-282.8241263440	28.3854433517
74.3292997158	-283.3241209639	28.3866416462
74.3312857135	-283.8241155838	28.3878399408
74.3332717111	-284.3241102036	28.3890382354
74.3352577088	-284.8241048235	28.3902365299
74.3369197933	-285.3241020015	28.3904804547
74.3385818779	-285.8240991795	28.3907243795
74.3402439625	-286.3240963574	28.3909683042
74.3419060471	-286.8240935354	28.3912122290
74.3435681317	-287.3240907134	28.3914561537
74.3465897439	-287.8240813954	28.3918893929
74.3496113562	-288.3240720775	28.3923226321
74.3526329684	-288.8240627596	28.3927558713
74.3556545807	-289.3240534417	28.3931891104
74.3586761930	-289.8240441237	28.3936223496
74.3616978052	-290.3240348058	28.3940555888
74.3647194175	-290.8240254879	28.3944888280
74.3667050209	-291.3240204221	28.3955485955
74.3686906243	-291.8240153564	28.3966083630
74.3706762278	-292.3240102906	28.3976681306
74.3726618312	-292.8240052249	28.3987278981
74.3746474346	-293.3240001591	28.3997876656
74.3766330381	-293.8239950934	28.4008474331
74.3786186415	-294.3239900276	28.4019072007
74.3812209100	-294.8239832556	28.4018951528
74.3838231785	-295.3239764836	28.4018831050
74.3864254469	-295.8239697116	28.4018710572
74.3890277154	-296.3239629396	28.4018590094
74.3916299839	-296.8239561677	28.4018469615
74.3942322523	-297.3239493957	28.4018349137
74.3968345208	-297.8239426237	28.4018228659
74.3982244608	-298.3239406612	28.4016481281
74.3996144008	-298.8239386987	28.4014733904
74.4010043408	-299.3239367363	28.4012986527
74.4023942808	-299.8239347738	28.4011239149
74.4037842208	-300.3239328113	28.4009491772
74.4051741608	-300.8239308488	28.4007744394
74.4065641008	-301.3239288864	28.4005997017
74.4079540408	-301.8239269239	28.4004249640
74.4121442691	-302.3239092825	28.4001367925
74.4163344973	-302.8238916412	28.3998486210
74.4205247256	-303.3238739998	28.3995604496
74.4247149538	-303.8238563584	28.3992722781
74.4289051820	-304.3238387171	28.3989841066
74.4330954103	-304.8238210757	28.3986959352
74.4372856385	-305.3238034343	28.3984077637
74.4414758668	-305.8237857930	28.3981195922
74.4456660950	-306.3237681516	28.3978314208
74.4498563233	-306.8237505102	28.3975432493
74.4527343100	-307.3237421112	28.3972023779
74.4556122967	-307.8237337121	28.3968615065
74.4584902834	-308.3237253130	28.3965206351
74.4613682701	-308.8237169140	28.3961797637
74.4642462569	-309.3237085149	28.3958388923
74.4671242436	-309.8237001158	28.3954980208
74.4700022303	-310.3236917167	28.3951571494
74.4728802170	-310.8236833177	28.3948162780
74.4757582037	-311.3236749186	28.3944754066
74.4786361905	-311.8236665195	28.3941345352
74.4815141772	-312.3236581205	28.3937936638
74.4842954752	-312.8236503839	28.3937636630
74.4870767732	-313.3236426473	28.3937336623
74.4898580712	-313.8236349107	28.3937036615
74.4926393691	-314.3236271741	28.3936736607
74.4954206671	-314.8236194376	28.3936436600
74.4982019651	-315.3236117010	28.3936136592
74.5009832631	-315.8236039644	28.3935836584
74.5037645611	-316.3235962278	28.3935536576
74.5048968168	-316.8235946803	28.3930383315
74.5060290724	-317.3235931327	28.3925230053
74.5071613281	-317.8235915851	28.3920076791
74.5082935837	-318.3235900376	28.3914923529
74.5094258394	-318.8235884900	28.3909770267
74.5105580951	-319.3235869424	28.3904617005
74.5116903507	-319.8235853949	28.3899463743
74.5128226064	-320.3235838473	28.3894310482
74.5139548620	-320.8235822997	28.3889157220
74.5173806853	-321.3235703627	28.3884678297
74.5208065085	-321.8235584257	28.3880199373
74.5242323318	-322.3235464887	28.3875720450
74.5276581550	-322.8235345517	28.3871241527
74.5310839782	-323.3235226147	28.3866762604
74.5345098015	-323.8235106776	28.3862283681
74.5379356247	-324.3234987406	28.3857804758
74.5413614480	-324.8234868036	28.3853325834
74.5447872712	-325.3234748666	28.3848846911
74.5472946431	-325.8234682306	28.3842938825
74.5498020149	-326.3234615946	28.3837030738
74.5523093868	-326.8234549586	28.3831122651
74.5548167586	-327.3234483225	28.3825214564
74.5573241305	-327.8234416865	28.3819306478
74.5598315023	-328.3234350505	28.3813398391
74.5623388742	-328.8234284145	28.3807490304
74.5648462460	-329.3234217785	28.3801582217
74.5688609629	-329.8234055994	28.3799113907
74.5728756799	-330.3233894202	28.3796645597
74.5768903968	-330.8233732411	28.3794177287
74.5809051137	-331.3233570619	28.3791708978
74.5849198307	-331.8233408828	28.3789240668
74.5889345476	-332.3233247037	28.3786772358
74.5929492645	-332.8233085245	28.3784304048
74.5969639815	-333.3232923454	28.3781835738
74.6009786984	-333.8232761662	28.3779367428
74.6003387278	-334.3232745959	28.3768593453
74.5996987572	-334.8232730255	28.3757819479
74.5990587866	-335.3232714552	28.3747045505
74.5984188160	-335.8232698848	28.3736271530
74.5977788453	-336.3232683145	28.3725497556
74.5971388747	-336.8232667441	28.3714723581
74.5964989041	-337.3232651738	28.3703949607
74.6042288755	-337.8232053268	28.3700933009
74.6119588469	-338.3231454797	28.3697916411
74.6196888184	-338.8230856327	28.3694899814
74.6274187898	-339.3230257856	28.3691883216
74.6351487612	-339.8229659386	28.3688866618
74.6382176056	-340.3229565194	28.3688502574
74.6412864500	-340.8229471002	28.3688138530
74.6407746593	-341.3229462670	28.3680580428
74.6402628686	-341.8229454338	28.3673022327
74.6397510779	-342.3229446006	28.3665464225
74.6392392872	-342.8229437674	28.3657906124
74.6387274965	-343.3229429343	28.3650348022
74.6329605836	-343.8229096466	28.3648636674
74.6271936708	-344.3228763589	28.3646925326
74.6214267579	-344.8228430712	28.3645213978
74.6156598450	-345.3228097835	28.3643502630
74.6059700814	-345.8227121225	28.3662893190
74.5962803178	-346.3226144616	28.3682283750
74.5865905542	-346.8225168006	28.3701674310
74.5769007906	-347.3224191396	28.3721064870
74.5799481768	-347.8224082453	28.3733743781
74.5829955629	-348.3223973511	28.3746422691
74.5860429491	-348.8223864569	28.3759101601
74.5890903352	-349.3223755627	28.3771780512
74.5936472346	-349.8223540714	28.3780297623
74.5982041339	-350.3223325802	28.3788814734
74.6027610333	-350.8223110890	28.3797331844
74.6073179326	-351.3222895978	28.3805848955
74.6118748320	-351.8222681066	28.3814366066
74.6154225421	-352.3222471311	28.3843329545
74.6189702522	-352.8222261556	28.3872293024
74.6225179623	-353.3222051801	28.3901256503
74.6260656724	-353.8221842046	28.3930219982
74.6296133825	-354.3221632290	28.3959183461
74.6314069349	-354.8221599835	28.3960876040
74.6332004872	-355.3221567381	28.3962568620
74.6349940396	-355.8221534926	28.3964261200
74.6367875920	-356.3221502471	28.3965953779
74.6385811444	-356.8221470016	28.3967646359
74.6403746967	-357.3221437561	28.3969338939
74.6419817094	-357.8221388604	28.3954129851
74.6435887221	-358.3221339647	28.3938920764
74.6451957347	-358.8221290691	28.3923711677
74.6468027474	-359.3221241734	28.3908502589
74.6484097600	-359.8221192777	28.3893293502
74.6500167727	-360.3221143820	28.3878084415
74.6536169308	-360.8220950840	28.3852912042
74.6572170890	-361.3220757860	28.3827739669
74.6608172471	-361.8220564881	28.3802567296
74.6644174052	-362.3220371901	28.3777394923
74.6680175634	-362.8220178921	28.3752222550
74.6716177215	-363.3219985941	28.3727050177
74.6721828596	-363.8219846535	28.3690143512
74.6727479978	-364.3219707129	28.3653236847
74.6733131359	-364.8219567723	28.3616330182
74.6738782740	-365.3219428317	28.3579423517
74.6743512388	-365.7403818155	28.3548536281
74.6745874282	-366.2403671836	28.3510357903
74.6772104884	-366.7403475796	28.3474688315
74.6798335486	-367.2403279755	28.3439018728
74.6824566088	-367.7403083715	28.3403349140
74.6850796690	-368.2402887675	28.3367679553
74.6877027292	-368.7402691635	28.3332009965
74.6903257894	-369.2402495594	28.3296340378
74.6929488496	-369.7402299554	28.3260670790
74.6955719098	-370.2402103514	28.3225001203
74.6982819411	-370.7401860703	28.3183847499
74.7009919724	-371.2401617891	28.3142693795
74.7037020036	-371.7401375080	28.3101540092
74.7064120349	-372.2401132269	28.3060386388
74.7091220661	-372.7400889457	28.3019232684
74.7118320974	-373.2400646646	28.2978078980
74.7142413981	-373.7400466078	28.2943076493
74.7166506988	-374.2400285510	28.2908074007
74.7190599995	-374.7400104942	28.2873071520
74.7214693002	-375.2399924374	28.2838069033
74.7238786009	-375.7399743806	28.2803066546
74.7262879017	-376.2399563238	28.2768064059
74.7286972024	-376.7399382670	28.2733061572
74.7329521915	-377.2398870344	28.2675507214
74.7372071806	-377.7398358018	28.2617952855
74.7414621697	-378.2397845692	28.2560398497
74.7457171588	-378.7397333366	28.2502844138
74.7637092978	-379.2394025960	28.2476549345
74.7817014367	-379.7390718554	28.2450254552
74.7996935757	-380.2387411148	28.2423959758
74.8090715808	-380.7386523799	28.2432791921
74.8184495858	-381.2385636449	28.2441624085
74.8249138134	-381.7385172512	28.2420164059
74.8313780410	-382.2384708575	28.2398704033
74.8378422687	-382.7384244638	28.2377244008
74.8450928911	-383.2383599842	28.2342742030
74.8523435136	-383.7382955047	28.2308240052
74.8595941360	-384.2382310251	28.2273738074
74.8668447585	-384.7381665456	28.2239236096
74.8723546730	-385.2381361838	28.2239643897
74.8778645875	-385.7381058221	28.2240051698
74.8833745019	-386.2380754604	28.2240459499
74.8888844164	-386.7380450986	28.2240867299
74.8943943309	-387.2380147369	28.2241275100
74.8999042454	-387.7379843751	28.2241682901
74.9054141599	-388.2379540134	28.2242090702
74.9137820594	-388.7378834855	28.2235011257
74.9221499588	-389.2378129576	28.2227931813
74.9305178583	-389.7377424297	28.2220852368
74.9388857577	-390.2376719018	28.2213772924
74.9472536572	-390.7376013739	28.2206693479
74.9556215567	-391.2375308460	28.2199614035
74.9639894561	-391.7374603181	28.2192534590
74.9723573556	-392.2373897902	28.2185455146
74.9807252550	-392.7373192623	28.2178375701
74.9928110132	-393.2371721718	28.2168359033
75.0048967713	-393.7370250812	28.2158342365
75.0169825294	-394.2368779907	28.2148325698
75.0290682876	-394.7367309002	28.2138309030
75.0411540457	-395.2365838097	28.2128292362
75.0532398039	-395.7364367191	28.2118275694
75.0653255620	-396.2362896286	28.2108259026
75.0753056014	-396.7361886492	28.2096562735
75.0852856408	-397.2360876698	28.2084866443
75.0952656802	-397.7359866904	28.2073170151
75.1052457196	-398.2358857110	28.2061473860
75.1152257590	-398.7357847315	28.2049777568
75.1252057984	-399.2356837521	28.2038081277
75.1340029817	-399.7356044261	28.2024191237
75.1428001650	-400.2355251000	28.2010301198
75.1515973483	-400.7354457740	28.1996411159
75.1603945317	-401.2353664479	28.1982521120
75.1691917150	-401.7352871218	28.1968631081
75.1779888983	-402.2352077958	28.1954741042
75.1859860815	-402.7351430232	28.1945722038
75.1939832648	-403.2350782507	28.1936703034
75.2019804480	-403.7350134781	28.1927684030
75.2099776313	-404.2349487055	28.1918665026
75.2179748145	-404.7348839330	28.1909646023
75.2277170456	-405.2347885926	28.1903163326
75.2341454977	-405.5646527759	28.1898885691
75.2454668022	-406.0645244121	28.1894698288
75.2567881067	-406.5643960484	28.1890510885
75.2681094112	-407.0642676846	28.1886323482
75.2794307157	-407.5641393209	28.1882136079
75.2907520202	-408.0640109571	28.1877948676
75.3020733247	-408.5638825933	28.1873761273
75.3164266453	-409.0636757759	28.1882460895
75.3307799658	-409.5634689585	28.1891160517
75.3451332864	-410.0632621411	28.1899860139
75.3594866069	-410.5630553237	28.1908559762
75.3738399275	-411.0628485062	28.1917259384
75.3865507401	-411.5626846776	28.1932216263
75.3992615527	-412.0625208489	28.1947173143
75.4119723653	-412.5623570202	28.1962130022
75.4246831779	-413.0621931915	28.1977086902
75.4373939905	-413.5620293629	28.1992043782
75.4501048031	-414.0618655342	28.2007000661
75.4642345415	-414.5616654597	28.2013204720
75.4783642800	-415.0614653853	28.2019408780
75.4924940185	-415.5612653108	28.2025612839
75.5066237570	-416.0610652364	28.2031816898
75.5207534954	-416.5608651620	28.2038020958
75.5348832339	-417.0606650875	28.2044225017
75.5484426454	-417.5604800143	28.2033356048
75.5620020568	-418.0602949410	28.2022487079
75.5755614682	-418.5601098678	28.2011618109
75.5891208796	-419.0599247946	28.2000749140
75.6026802911	-419.5597397213	28.1989880171
75.6162397025	-420.0595546481	28.1979011202
75.6355330601	-420.5591822707	28.1979724045
75.6548264177	-421.0588098933	28.1980436888
75.6741197753	-421.5584375159	28.1981149731
75.6911384745	-422.0581476817	28.1984527778
75.7081571737	-422.5578578474	28.1987905826
75.7251758729	-423.0575680132	28.1991283873
75.7421945722	-423.5572781790	28.1994661920
75.7592132714	-424.0569883447	28.1998039967
75.7762319706	-424.5566985105	28.2001418015
75.7939488638	-425.0563842125	28.2006994019
75.8116657569	-425.5560699145	28.2012570023
75.8293826501	-426.0557556165	28.2018146027
75.8470995433	-426.5554413185	28.2023722031
75.8648164365	-427.0551270205	28.2029298035
75.8825333297	-427.5548127225	28.2034874039
75.8972634381	-428.0545929927	28.2051322125
75.9119935465	-428.5543732629	28.2067770211
75.9267236549	-429.0541535331	28.2084218297
75.9414537633	-429.5539338034	28.2100666383
75.9561838717	-430.0537140736	28.2117114469
75.9709139801	-430.5534943438	28.2133562555
75.9790652173	-431.0534262829	28.2146265405
75.9872164544	-431.5533582220	28.2158968255
75.9953676916	-432.0532901611	28.2171671105
76.0035189288	-432.5532221001	28.2184373955
76.0116701659	-433.0531540392	28.2197076805
76.0198214031	-433.5530859783	28.2209779655
76.0279726403	-434.0530179174	28.2222482505
76.0361238774	-434.5529498564	28.2235185355
76.0442751146	-435.0528817955	28.2247888205
76.0524263518	-435.5528137346	28.2260591055
76.0605775889	-436.0527456737	28.2273293905
76.0690473640	-436.5526730402	28.2263853820
76.0775171392	-437.0526004066	28.2254413735
76.0859869143	-437.5525277731	28.2244973650
76.0944566894	-438.0524551396	28.2235533565
76.1029264646	-438.5523825061	28.2226093480
76.1113962397	-439.0523098726	28.2216653395
76.1198660148	-439.5522372390	28.2207213310
76.1283357899	-440.0521646055	28.2197773226
76.1368055651	-440.5520919720	28.2188333141
76.1452753402	-441.0520193385	28.2178893056
76.1537451153	-441.5519467050	28.2169452971
76.1622148905	-442.0518740715	28.2160012886
76.1706846656	-442.5518014379	28.2150572801
76.1800236435	-443.0517093753	28.2172567558
76.1893626215	-443.5516173126	28.2194562315
76.1987015995	-444.0515252499	28.2216557073
76.2080405774	-444.5514331872	28.2238551830
76.2173795554	-445.0513411245	28.2260546587
76.2267185333	-445.5512490619	28.2282541344
76.2360575113	-446.0511569992	28.2304536101
76.2453964893	-446.5510649365	28.2326530858
76.2547354672	-447.0509728738	28.2348525615
76.2640744452	-447.5508808112	28.2370520373
76.2734134232	-448.0507887485	28.2392515130
76.2827524011	-448.5506966858	28.2414509887
76.2920913791	-449.0506046231	28.2436504644
76.3014303570	-449.5505125604	28.2458499401
76.3107693350	-450.0504204978	28.2480494158
76.3201083130	-450.5503284351	28.2502488916
76.3282570494	-451.0502495838	28.2537763787
76.3364057858	-451.5501707325	28.2573038658
76.3445545222	-452.0500918812	28.2608313530
76.3527032586	-452.5500130299	28.2643588401
76.3608519950	-453.0499341786	28.2678863272
76.3690007314	-453.5498553274	28.2714138144
76.3771494679	-454.0497764761	28.2749413015
76.3852982043	-454.5496976248	28.2784687886
76.3934469407	-455.0496187735	28.2819962758
76.4015956771	-455.5495399222	28.2855237629
76.4097444135	-456.0494610709	28.2890512500
76.4178931499	-456.5493822196	28.2925787372
76.4260135526	-457.0493159896	28.2931122773
76.4341339553	-457.5492497596	28.2936458175
76.4422543580	-458.0491835297	28.2941793576
76.4503747607	-458.5491172997	28.2947128978
76.4584951634	-459.0490510697	28.2952464379
76.4666155661	-459.5489848397	28.2957799781
76.4747359688	-460.0489186097	28.2963135182
76.4828563714	-460.5488523797	28.2968470584
76.4909767741	-461.0487861497	28.2973805985
76.4990971768	-461.5487199197	28.2979141387
76.5072175795	-462.0486536897	28.2984476788
76.5153379822	-462.5485874597	28.2989812190
76.5240950358	-463.0485106684	28.2986659127
76.5328520895	-463.5484338771	28.2983506064
76.5416091431	-464.0483570858	28.2980353001
76.5503661967	-464.5482802945	28.2977199938
76.5591232503	-465.0482035032	28.2974046875
76.5678803039	-465.5481267119	28.2970893812
76.5766373576	-466.0480499206	28.2967740749
76.5853944112	-466.5479731293	28.2964587686
76.5906336200	-467.0479455026	28.2960385100
76.5958728288	-467.5479178759	28.2956182514
76.6011120377	-468.0478902492	28.2951979928
76.6063512465	-468.5478626225	28.2947777342
76.6115904553	-469.0478349959	28.2943574756
76.6168296641	-469.5478073692	28.2939372171
76.6220688730	-470.0477797425	28.2935169585
76.6273080818	-470.5477521158	28.2930966999
76.6325472906	-471.0477244891	28.2926764413
76.6377864994	-471.5476968624	28.2922561827
76.6430257082	-472.0476692357	28.2918359241
76.6482649171	-472.5476416090	28.2914156655
76.6533093093	-473.0476161526	28.2913161375
76.6583537015	-473.5475906961	28.2912166095
76.6633980936	-474.0475652397	28.2911170815
76.6684424858	-474.5475397832	28.2910175535
76.6734868780	-475.0475143268	28.2909180255
76.6785312702	-475.5474888704	28.2908184975
76.6835756624	-476.0474634139	28.2907189695
76.6886200546	-476.5474379575	28.2906194414
76.6936644468	-477.0474125010	28.2905199134
76.6987088390	-477.5473870446	28.2904203854
76.7037532312	-478.0473615881	28.2903208574
76.7087976234	-478.5473361317	28.2902213294
76.7138420155	-479.0473106752	28.2901218014
76.7188864077	-479.5472852188	28.2900222734
76.7239165546	-480.0472594503	28.2907045084
76.7289467015	-480.5472336818	28.2913867435
76.7339768484	-481.0472079133	28.2920689785
76.7390069953	-481.5471821448	28.2927512135
76.7440371421	-482.0471563763	28.2934334486
76.7490672890	-482.5471306079	28.2941156836
76.7540974359	-483.0471048394	28.2947979186
76.7591275828	-483.5470790709	28.2954801537
76.7641577297	-484.0470533024	28.2961623887
76.7691878766	-484.5470275339	28.2968446237
76.7742176514	-485.0469957209	28.2993967598
76.7792474263	-485.5469639078	28.3019488960
76.7842772012	-486.0469320948	28.3045010321
76.7893069761	-486.5469002817	28.3070531682
76.7943367509	-487.0468684687	28.3096053043
76.7993665258	-487.5468366556	28.3121574405
76.8043963007	-488.0468048426	28.3147095766
76.8094260756	-488.5467730295	28.3172617127
76.8144558504	-489.0467412165	28.3198138488
76.8194856841	-489.5467159057	28.3197094759
76.8245155178	-490.0466905950	28.3196051029
76.8295453515	-490.5466652842	28.3195007299
76.8345751852	-491.0466399735	28.3193963569
76.8396050188	-491.5466146627	28.3192919839
76.8446348525	-492.0465893519	28.3191876110
76.8496646862	-492.5465640412	28.3190832380
76.8518665871	-493.0465589947	28.3195282823
76.8540684879	-493.5465539483	28.3199733267
76.8562703888	-494.0465489018	28.3204183710
76.8584722896	-494.5465438553	28.3208634154
76.8606741905	-495.0465388089	28.3213084597
76.8628760913	-495.5465337624	28.3217535041
76.8621144685	-496.0465327822	28.3211209588
76.8613528456	-496.5465318021	28.3204884135
76.8605912228	-497.0465308219	28.3198558681
76.8598295999	-497.5465298417	28.3192233228
76.8590679771	-498.0465288615	28.3185907775
76.8689673903	-498.5464308494	28.3185264102
76.8788668036	-499.0463328372	28.3184620428
76.8887662169	-499.5462348251	28.3183976755
76.8986656302	-500.0461368130	28.3183333081
76.9085650435	-500.5460388008	28.3182689408
76.9184644568	-501.0459407887	28.3182045734
76.9283638701	-501.5458427766	28.3181402061
76.9382632834	-502.0457447644	28.3180758387
76.9481626967	-502.5456467523	28.3180114714
76.9580621100	-503.0455487402	28.3179471040
76.9679615232	-503.5454507280	28.3178827367
76.9778609365	-504.0453527159	28.3178183693
76.9877603498	-504.5452547038	28.3177540020
76.9935866069	-504.8394698654	28.3177161189
