66.0109296059	256.5335690919	28.3102668207
66.0123170532	256.0335716189	28.3110426571
66.0137045006	255.5335741458	28.3118184936
66.0150919480	255.0335766727	28.3125943300
66.0164793953	254.5335791997	28.3133701665
66.0178668427	254.0335817266	28.3141460029
66.0179111181	253.5335818476	28.3138010213
66.0179553935	253.0335819686	28.3134560396
66.0179996689	252.5335820895	28.3131110580
66.0180439443	252.0335822105	28.3127660763
66.0180882197	251.5335823315	28.3124210947
66.0181324951	251.0335824525	28.3120761131
66.0194166588	250.5335841350	28.3118931780
66.0207008225	250.0335858175	28.3117102429
66.0219849862	249.5335875001	28.3115273079
66.0232691499	249.0335891826	28.3113443728
66.0245533136	248.5335908652	28.3111614377
66.0258374773	248.0335925477	28.3109785027
66.0271216410	247.5335942303	28.3107955676
66.0284058047	247.0335959128	28.3106126325
66.0296899684	246.5335975954	28.3104296975
66.0309741321	246.0335992779	28.3102467624
66.0322582958	245.5336009605	28.3100638273
66.0335424595	245.0336026430	28.3098808922
66.0348266232	244.5336043255	28.3096979572
66.0361107869	244.0336060081	28.3095150221
66.0373949506	243.5336076906	28.3093320870
66.0386791143	243.0336093732	28.3091491520
66.0399632780	242.5336110557	28.3089662169
66.0412474417	242.0336127383	28.3087832818
66.0425316054	241.5336144208	28.3086003468
66.0438157691	241.0336161034	28.3084174117
66.0450999328	240.5336177859	28.3082344766
66.0463840965	240.0336194684	28.3080515416
66.0476682602	239.5336211510	28.3078686065
66.0489524239	239.0336228335	28.3076856714
66.0536158800	238.5336456296	28.3066620738
66.0582793362	238.0336684257	28.3056384762
66.0629427923	237.5336912218	28.3046148786
66.0676062485	237.0337140179	28.3035912810
66.0722697046	236.5337368140	28.3025676834
66.0769331608	236.0337596101	28.3015440858
66.0815966170	235.5337824062	28.3005204882
66.0862600731	235.0338052023	28.2994968906
66.0861729665	234.5338052523	28.2997028070
66.0860858599	234.0338053023	28.2999087235
66.0859987533	233.5338053523	28.3001146399
66.0859116467	233.0338054022	28.3003205564
66.0858245401	232.5338054522	28.3005264728
66.0857374335	232.0338055022	28.3007323892
66.0856503269	231.5338055522	28.3009383057
66.0855632203	231.0338056022	28.3011442221
66.0891153425	230.5338182481	28.3013120723
66.0926674647	230.0338308940	28.3014799225
66.0962195870	229.5338435399	28.3016477726
66.0997717092	229.0338561858	28.3018156228
66.1033238315	228.5338688317	28.3019834729
66.1068759537	228.0338814776	28.3021513231
66.1104280759	227.5338941235	28.3023191733
66.1139801982	227.0339067694	28.3024870234
66.1175323204	226.5339194154	28.3026548736
66.1210844427	226.0339320613	28.3028227238
66.1246365649	225.5339447072	28.3029905739
66.1281886872	225.0339573531	28.3031584241
66.1317408094	224.5339699990	28.3033262742
66.1352929316	224.0339826449	28.3034941244
66.1388450539	223.5339952908	28.3036619746
66.1423971761	223.0340079367	28.3038298247
66.1459492984	222.5340205826	28.3039976749
66.1495014206	222.0340332285	28.3041655251
66.1530535428	221.5340458744	28.3043333752
66.1566056651	221.0340585203	28.3045012254
66.1601577873	220.5340711662	28.3046690755
66.1637099096	220.0340838121	28.3048369257
66.1672620318	219.5340964580	28.3050047759
66.1708141540	219.0341091039	28.3051726260
66.1730014437	218.5341150044	28.3041161334
66.1751887334	218.0341209048	28.3030596408
66.1773760232	217.5341268053	28.3020031481
66.1795633129	217.0341327057	28.3009466555
66.1817506026	216.5341386062	28.2998901628
66.1839378923	216.0341445066	28.2988336702
66.1861251820	215.5341504071	28.2977771776
66.1883124717	215.0341563075	28.2967206849
66.1904997614	214.5341622080	28.2956641923
66.1958288367	214.0341923270	28.2943530501
66.2011579119	213.5342224461	28.2930419078
66.2064869872	213.0342525651	28.2917307656
66.2118160625	212.5342826842	28.2904196234
66.2171451377	212.0343128032	28.2891084812
66.2224742130	211.5343429222	28.2877973389
66.2278032883	211.0343730413	28.2864861967
66.2285285157	210.5343740493	28.2871804879
66.2292537431	210.0343750573	28.2878747790
66.2299789706	209.5343760653	28.2885690702
66.2307041980	209.0343770733	28.2892633613
66.2314294255	208.5343780813	28.2899576524
66.2321546529	208.0343790893	28.2906519436
66.2328798803	207.5343800973	28.2913462347
66.2336051078	207.0343811053	28.2920405259
66.2343303352	206.5343821133	28.2927348170
66.2350555627	206.0343831212	28.2934291082
66.2357807901	205.5343841292	28.2941233993
66.2365060175	205.0343851372	28.2948176905
66.2372312450	204.5343861452	28.2955119816
66.2379564724	204.0343871532	28.2962062728
66.2386816999	203.5343881612	28.2969005639
66.2394069273	203.0343891692	28.2975948551
66.2401321547	202.5343901772	28.2982891462
66.2408573822	202.0343911852	28.2989834373
66.2415826096	201.5343921932	28.2996777285
66.2423078371	201.0343932012	28.3003720196
66.2430330645	200.5343942092	28.3010663108
66.2437582919	200.0343952172	28.3017606019
66.2444835194	199.5343962252	28.3024548931
66.2452087468	199.0343972332	28.3031491842
66.2510691606	198.5344320463	28.3024654916
66.2569295744	198.0344668594	28.3017817991
66.2627899882	197.5345016725	28.3010981065
66.2686504020	197.0345364856	28.3004144139
66.2745108159	196.5345712987	28.2997307213
66.2803712297	196.0346061118	28.2990470287
66.2862316435	195.5346409249	28.2983633362
66.2920920573	195.0346757380	28.2976796436
66.2931658122	194.5346774150	28.2984035499
66.2942395672	194.0346790920	28.2991274563
66.2953133221	193.5346807689	28.2998513626
66.2963870770	193.0346824459	28.3005752690
66.2974608320	192.5346841229	28.3012991753
66.2985345869	192.0346857999	28.3020230817
66.2996083419	191.5346874769	28.3027469880
66.3006820968	191.0346891539	28.3034708944
66.3035451640	190.5346974486	28.3031586507
66.3064082312	190.0347057434	28.3028464071
66.3092712984	189.5347140381	28.3025341634
66.3121343656	189.0347223328	28.3022219197
66.3149974327	188.5347306275	28.3019096761
66.3178604999	188.0347389222	28.3015974324
66.3207235671	187.5347472169	28.3012851888
66.3235866343	187.0347555117	28.3009729451
66.3264497015	186.5347638064	28.3006607015
66.3293127687	186.0347721011	28.3003484578
66.3321758358	185.5347803958	28.3000362141
66.3350389030	185.0347886905	28.2997239705
66.3379019702	184.5347969853	28.2994117268
66.3407650374	184.0348052800	28.2990994832
66.3436281046	183.5348135747	28.2987872395
66.3464911718	183.0348218694	28.2984749959
66.3493542389	182.5348301641	28.2981627522
66.3522173061	182.0348384588	28.2978505085
66.3550803733	181.5348467536	28.2975382649
66.3579434405	181.0348550483	28.2972260212
66.3608065077	180.5348633430	28.2969137776
66.3636695749	180.0348716377	28.2966015339
66.3665326420	179.5348799324	28.2962892902
66.3693957092	179.0348882272	28.2959770466
66.3714741652	178.5348925902	28.2957694784
66.3735526212	178.0348969533	28.2955619102
66.3756310773	177.5349013164	28.2953543420
66.3777095333	177.0349056795	28.2951467738
66.3797879893	176.5349100426	28.2949392057
66.3818664453	176.0349144057	28.2947316375
66.3839449013	175.5349187687	28.2945240693
66.3860233573	175.0349231318	28.2943165011
66.3881018133	174.5349274949	28.2941089329
66.3901802694	174.0349318580	28.2939013647
66.3893581847	173.5349325387	28.2938316517
66.3885361000	173.0349332194	28.2937619386
66.3877140154	172.5349339000	28.2936922256
66.3868919307	172.0349345807	28.2936225126
66.3860698461	171.5349352614	28.2935527995
66.3852477614	171.0349359421	28.2934830865
66.3878402156	170.5349426684	28.2935565986
66.3904326698	170.0349493946	28.2936301107
66.3930251239	169.5349561209	28.2937036228
66.3956175781	169.0349628472	28.2937771349
66.3982100323	168.5349695734	28.2938506470
66.4008024865	168.0349762997	28.2939241591
66.4033949407	167.5349830260	28.2939976712
66.4059873948	167.0349897522	28.2940711833
66.4085798490	166.5349964785	28.2941446954
66.4111723032	166.0350032048	28.2942182075
66.4137647574	165.5350099310	28.2942917195
66.4163572115	165.0350166573	28.2943652316
66.4189496657	164.5350233836	28.2944387437
66.4215421199	164.0350301098	28.2945122558
66.4241345741	163.5350368361	28.2945857679
66.4267270283	163.0350435624	28.2946592800
66.4293194824	162.5350502886	28.2947327921
66.4319119366	162.0350570149	28.2948063042
66.4345043908	161.5350637412	28.2948798163
66.4370968450	161.0350704675	28.2949533284
66.4396892991	160.5350771937	28.2950268405
66.4422817533	160.0350839200	28.2951003526
66.4448742075	159.5350906463	28.2951738647
66.4474666617	159.0350973725	28.2952473768
66.4485317709	158.5350985675	28.2950012736
66.4495968801	158.0350997626	28.2947551704
66.4506619893	157.5351009576	28.2945090672
66.4517270985	157.0351021526	28.2942629639
66.4527922078	156.5351033477	28.2940168607
66.4538573170	156.0351045427	28.2937707575
66.4549224262	155.5351057377	28.2935246543
66.4559875354	155.0351069327	28.2932785511
66.4570526446	154.5351081278	28.2930324479
66.4581177538	154.0351093228	28.2927863447
66.4621224161	153.5351253890	28.2926169885
66.4661270783	153.0351414553	28.2924476323
66.4701317406	152.5351575216	28.2922782761
66.4741364029	152.0351735878	28.2921089198
66.4781410651	151.5351896541	28.2919395636
66.4821457274	151.0352057203	28.2917702074
66.4843144660	150.5352104263	28.2918206420
66.4864832047	150.0352151323	28.2918710766
66.4886519433	149.5352198383	28.2919215112
66.4908206819	149.0352245443	28.2919719458
66.4929894206	148.5352292503	28.2920223803
66.4951581592	148.0352339563	28.2920728149
66.4973268978	147.5352386623	28.2921232495
66.4994956365	147.0352433683	28.2921736841
66.5016643751	146.5352480743	28.2922241187
66.5038331138	146.0352527803	28.2922745532
66.5060018524	145.5352574863	28.2923249878
66.5081705910	145.0352621923	28.2923754224
66.5103393297	144.5352668982	28.2924258570
66.5125080683	144.0352716042	28.2924762915
66.5146768069	143.5352763102	28.2925267261
66.5168455456	143.0352810162	28.2925771607
66.5190142842	142.5352857222	28.2926275953
66.5211830228	142.0352904282	28.2926780299
66.5233517615	141.5352951342	28.2927284644
66.5255205001	141.0352998402	28.2927788990
66.5276892387	140.5353045462	28.2928293336
66.5298579774	140.0353092522	28.2928797682
66.5320267160	139.5353139582	28.2929302028
66.5341954547	139.0353186642	28.2929806373
66.5367268975	138.5353251918	28.2933260913
66.5392583403	138.0353317193	28.2936715452
66.5417897831	137.5353382469	28.2940169992
66.5443212259	137.0353447745	28.2943624531
66.5468526688	136.5353513021	28.2947079071
66.5493841116	136.0353578297	28.2950533610
66.5519155544	135.5353643573	28.2953988149
66.5544469972	135.0353708848	28.2957442689
66.5569784400	134.5353774124	28.2960897228
66.5591324255	134.0353828889	28.2970044796
66.5612864109	133.5353883654	28.2979192363
66.5634403963	133.0353938418	28.2988339930
66.5655943817	132.5353993183	28.2997487497
66.5677483671	132.0354047947	28.3006635065
66.5699023526	131.5354102712	28.3015782632
66.5720563380	131.0354157477	28.3024930199
66.5750739972	130.5354248768	28.3023420403
66.5780916564	130.0354340060	28.3021910606
66.5811093156	129.5354431351	28.3020400809
66.5841269748	129.0354522642	28.3018891012
66.5871446341	128.5354613934	28.3017381216
66.5901622933	128.0354705225	28.3015871419
66.5931799525	127.5354796517	28.3014361622
66.5961976117	127.0354887808	28.3012851825
66.5992152709	126.5354979100	28.3011342029
66.6022329301	126.0355070391	28.3009832232
66.6052505894	125.5355161683	28.3008322435
66.6082682486	125.0355252974	28.3006812638
66.6112859078	124.5355344266	28.3005302842
66.6143035670	124.0355435557	28.3003793045
66.6173212262	123.5355526848	28.3002283248
66.6203388854	123.0355618140	28.3000773451
66.6233565446	122.5355709431	28.2999263655
66.6263742039	122.0355800723	28.2997753858
66.6293918631	121.5355892014	28.2996244061
66.6324095223	121.0355983306	28.2994734264
66.6354271815	120.5356074597	28.2993224468
66.6384448407	120.0356165889	28.2991714671
66.6414624999	119.5356257180	28.2990204874
66.6444801592	119.0356348472	28.2988695078
66.6475575478	118.5356446307	28.2983098935
66.6506349365	118.0356544143	28.2977502792
66.6537123252	117.5356641979	28.2971906649
66.6567897139	117.0356739815	28.2966310506
66.6598671026	116.5356837651	28.2960714363
66.6629444913	116.0356935487	28.2955118221
66.6660218800	115.5357033323	28.2949522078
66.6690992687	115.0357131158	28.2943925935
66.6721766574	114.5357228994	28.2938329792
66.6752540461	114.0357326830	28.2932733649
66.6770988851	113.5357363121	28.2927983457
66.6789437240	113.0357399412	28.2923233265
66.6807885630	112.5357435703	28.2918483073
66.6826334019	112.0357471994	28.2913732881
66.6844782409	111.5357508284	28.2908982688
66.6863230798	111.0357544575	28.2904232496
66.6875752701	110.5357570368	28.2914288524
66.6888274603	110.0357596160	28.2924344552
66.6900796505	109.5357621952	28.2934400580
66.6913318408	109.0357647744	28.2944456608
66.6925840310	108.5357673536	28.2954512636
66.6938362213	108.0357699329	28.2964568664
66.6950884115	107.5357725121	28.2974624692
66.6963406017	107.0357750913	28.2984680719
66.6975927920	106.5357776705	28.2994736747
66.6988449822	106.0357802498	28.3004792775
66.7000971725	105.5357828290	28.3014848803
66.7013493627	105.0357854082	28.3024904831
66.7026015529	104.5357879874	28.3034960859
66.7038537432	104.0357905667	28.3045016887
66.7051059334	103.5357931459	28.3055072915
66.7063581237	103.0357957251	28.3065128943
66.7076103139	102.5357983043	28.3075184970
66.7088625042	102.0358008836	28.3085240998
66.7101146944	101.5358034628	28.3095297026
66.7113668846	101.0358060420	28.3105353054
66.7126190749	100.5358086212	28.3115409082
66.7138712651	100.0358112005	28.3125465110
66.7151234554	99.5358137797	28.3135521138
66.7163756456	99.0358163589	28.3145577166
66.7262329577	98.5359147324	28.3134635310
66.7360902698	98.0360131059	28.3123693455
66.7459475818	97.5361114795	28.3112751600
66.7558048939	97.0362098530	28.3101809744
66.7656622060	96.5363082265	28.3090867889
66.7755195181	96.0364066000	28.3079926033
66.7853768301	95.5365049736	28.3068984178
66.7952341422	95.0366033471	28.3058042323
66.8050914543	94.5367017206	28.3047100467
66.8134456224	94.0367716836	28.3043026398
66.8217997906	93.5368416466	28.3038952328
66.8301539587	93.0369116096	28.3034878258
66.8385081269	92.5369815726	28.3030804189
66.8468622950	92.0370515356	28.3026730119
66.8552164631	91.5371214986	28.3022656050
66.8635706313	91.0371914616	28.3018581980
66.8693850920	90.5372257332	28.3011781564
66.8751995528	90.0372600048	28.3004981149
66.8810140136	89.5372942764	28.2998180733
66.8849610675	89.1979005239	28.2993564379
66.8900215377	88.6979267120	28.2985954628
66.8950820078	88.1979529002	28.2978344878
66.9001424780	87.6979790883	28.2970735127
66.9052029482	87.1980052764	28.2963125376
66.9102634184	86.6980314645	28.2955515625
66.9153238886	86.1980576527	28.2947905875
66.9203843588	85.6980838408	28.2940296124
66.9254448290	85.1981100289	28.2932686373
66.9305052992	84.6981362170	28.2925076622
66.9355657694	84.1981624052	28.2917466872
66.9406262396	83.6981885933	28.2909857121
66.9456867097	83.1982147814	28.2902247370
66.9507471799	82.6982409696	28.2894637619
66.9558076501	82.1982671577	28.2887027869
66.9608681203	81.6982933458	28.2879418118
66.9659285905	81.1983195339	28.2871808367
66.9709890607	80.6983457221	28.2864198616
66.9760495309	80.1983719102	28.2856588866
66.9811100011	79.6983980983	28.2848979115
66.9861704713	79.1984242864	28.2841369364
66.9877556852	78.6984277030	28.2850875220
66.9893408991	78.1984311195	28.2860381075
66.9909261130	77.6984345360	28.2869886931
66.9925113269	77.1984379526	28.2879392787
66.9940965408	76.6984413691	28.2888898643
66.9956817547	76.1984447856	28.2898404498
66.9972669686	75.6984482021	28.2907910354
66.9988521825	75.1984516187	28.2917416210
67.0004373964	74.6984550352	28.2926922065
67.0048450590	74.1984884289	28.2964291921
67.0092527217	73.6985218225	28.3001661777
67.0136603844	73.1985552162	28.3039031633
67.0180680471	72.6985886099	28.3076401489
67.0224757098	72.1986220035	28.3113771345
67.0268833725	71.6986553972	28.3151141201
67.0312910352	71.1986887909	28.3188511057
67.0345087210	70.6986999200	28.3197317105
67.0377264069	70.1987110490	28.3206123153
67.0409440927	69.6987221781	28.3214929201
67.0441617786	69.1987333072	28.3223735249
67.0473794644	68.6987444363	28.3232541297
67.0505971503	68.1987555654	28.3241347345
67.0538148361	67.6987666945	28.3250153393
67.0570325220	67.1987778236	28.3258959441
67.0602502079	66.6987889527	28.3267765489
67.0634678937	66.1988000818	28.3276571537
67.0666855796	65.6988112109	28.3285377586
67.0699032654	65.1988223400	28.3294183634
67.0731209513	64.6988334690	28.3302989682
67.0763386371	64.1988445981	28.3311795730
67.0795563230	63.6988557272	28.3320601778
67.0827740088	63.1988668563	28.3329407826
67.0859916947	62.6988779854	28.3338213874
67.0892093805	62.1988891145	28.3347019922
67.0924270664	61.6989002436	28.3355825970
67.0956447522	61.1989113727	28.3364632018
67.0988624381	60.6989225018	28.3373438066
67.1020801239	60.1989336309	28.3382244114
67.1052978098	59.6989447600	28.3391050162
67.1085154956	59.1989558890	28.3399856210
67.1117331815	58.6989670181	28.3408662258
67.1136161124	58.1989705726	28.3407710169
67.1154990434	57.6989741271	28.3406758081
67.1173819744	57.1989776817	28.3405805992
67.1192649053	56.6989812362	28.3404853904
67.1211478363	56.1989847907	28.3403901816
67.1230307672	55.6989883452	28.3402949727
67.1249136982	55.1989918997	28.3401997639
67.1267966291	54.6989954542	28.3401045550
67.1286795601	54.1989990087	28.3400093462
67.1305624910	53.6990025632	28.3399141374
67.1324454220	53.1990061177	28.3398189285
67.1343283530	52.6990096722	28.3397237197
67.1362112839	52.1990132267	28.3396285108
67.1380942149	51.6990167812	28.3395333020
67.1399771458	51.1990203357	28.3394380932
67.1418600768	50.6990238902	28.3393428843
67.1449887531	50.1990351644	28.3405616559
67.1481174295	49.6990464385	28.3417804276
67.1512461058	49.1990577127	28.3429991992
67.1543747821	48.6990689868	28.3442179708
67.1575034585	48.1990802610	28.3454367425
67.1606321348	47.6990915351	28.3466555141
67.1637608111	47.1991028093	28.3478742857
67.1668894875	46.6991140834	28.3490930573
67.1700181638	46.1991253576	28.3503118290
67.1731468401	45.6991366317	28.3515306006
67.1762755165	45.1991479059	28.3527493722
67.1794041928	44.6991591800	28.3539681439
67.1825328692	44.1991704541	28.3551869155
67.1856615455	43.6991817283	28.3564056871
67.1887902218	43.1991930024	28.3576244587
67.1919188982	42.6992042766	28.3588432304
67.1950475745	42.1992155507	28.3600620020
67.1981762508	41.6992268249	28.3612807736
67.2013049272	41.1992380990	28.3624995453
67.2044336035	40.6992493732	28.3637183169
67.2075622799	40.1992606473	28.3649370885
67.2106909562	39.6992719215	28.3661558601
67.2138196325	39.1992831956	28.3673746318
67.2154906679	38.6992860058	28.3672412889
67.2171617032	38.1992888159	28.3671079461
67.2188327386	37.6992916261	28.3669746032
67.2205037739	37.1992944362	28.3668412603
67.2221748093	36.6992972464	28.3667079175
67.2238458446	36.1993000565	28.3665745746
67.2255168800	35.6993028667	28.3664412318
67.2271879153	35.1993056768	28.3663078889
67.2288589507	34.6993084869	28.3661745460
67.2305299860	34.1993112971	28.3660412032
67.2322010214	33.6993141072	28.3659078603
67.2338720567	33.1993169174	28.3657745175
67.2355430921	32.6993197275	28.3656411746
67.2372141274	32.1993225377	28.3655078318
67.2388851628	31.6993253478	28.3653744889
67.2405561981	31.1993281580	28.3652411460
67.2422272335	30.6993309681	28.3651078032
67.2452241053	30.1993426779	28.3634560132
67.2482209772	29.6993543877	28.3618042232
67.2512178490	29.1993660975	28.3601524333
67.2542147208	28.6993778073	28.3585006433
67.2572115927	28.1993895171	28.3568488533
67.2602084645	27.6994012269	28.3551970633
67.2632053364	27.1994129366	28.3535452734
67.2662022082	26.6994246464	28.3518934834
67.2691990800	26.1994363562	28.3502416934
67.2721959519	25.6994480660	28.3485899035
67.2751928237	25.1994597758	28.3469381135
67.2781896956	24.6994714856	28.3452863235
67.2811865674	24.1994831954	28.3436345335
67.2841834392	23.6994949052	28.3419827436
67.2871803111	23.1995066149	28.3403309536
67.2901771829	22.6995183247	28.3386791636
67.2931740548	22.1995300345	28.3370273736
67.2961709266	21.6995417443	28.3353755837
67.2991677984	21.1995534541	28.3337237937
67.3021646703	20.6995651639	28.3320720037
67.3051615421	20.1995768737	28.3304202138
67.3081584140	19.6995885835	28.3287684238
67.3111552858	19.1996002932	28.3271166338
67.3141610853	18.6996106045	28.3282463871
67.3171668848	18.1996209158	28.3293761405
67.3201726844	17.6996312271	28.3305058938
67.3231784839	17.1996415384	28.3316356471
67.3261842834	16.6996518496	28.3327654004
67.3291900829	16.1996621609	28.3338951537
67.3321958824	15.6996724722	28.3350249071
67.3352016820	15.1996827835	28.3361546604
67.3382074815	14.6996930948	28.3372844137
67.3412132810	14.1997034060	28.3384141670
67.3442190805	13.6997137173	28.3395439203
67.3472248800	13.1997240286	28.3406736737
67.3502306795	12.6997343399	28.3418034270
67.3532364791	12.1997446512	28.3429331803
67.3562422786	11.6997549624	28.3440629336
67.3592480781	11.1997652737	28.3451926869
67.3622538776	10.6997755850	28.3463224403
67.3596578433	10.1997825699	28.3458269614
67.3570618089	9.6997895549	28.3453314825
67.3544657746	9.1997965398	28.3448360036
67.3518697402	8.6998035248	28.3443405247
67.3492737059	8.1998105097	28.3438450459
67.3466776715	7.6998174947	28.3433495670
67.3440816372	7.1998244796	28.3428540881
67.3414856029	6.6998314645	28.3423586092
67.3411010881	6.6257743943	28.3422852208
67.3384616989	6.1257816188	28.3417771634
67.3358223097	5.6257888434	28.3412691061
67.3331829206	5.1257960679	28.3407610488
67.3305435314	4.6258032925	28.3402529915
67.3279041422	4.1258105170	28.3397449341
67.3252647530	3.6258177416	28.3392368768
67.3226253639	3.1258249661	28.3387288195
67.3199859747	2.6258321907	28.3382207621
67.3173465855	2.1258394152	28.3377127048
67.3147071963	1.6258466398	28.3372046475
67.3120678071	1.1258538643	28.3366965902
67.3094284180	0.6258610889	28.3361885328
67.3067890288	0.1258683134	28.3356804755
67.3041496396	-0.3741244620	28.3351724182
67.3015102504	-0.8741172375	28.3346643609
67.3016671908	-1.3741169279	28.3351981630
67.3018241311	-1.8741166183	28.3357319651
67.3019810714	-2.3741163088	28.3362657672
67.3021380117	-2.8741159992	28.3367995693
67.3022949521	-3.3741156896	28.3373333714
67.3024518924	-3.8741153800	28.3378671735
67.3026088327	-4.3741150705	28.3384009756
67.3027657730	-4.8741147609	28.3389347777
67.3029227134	-5.3741144513	28.3394685799
67.3030796537	-5.8741141417	28.3400023820
67.3032365940	-6.3741138322	28.3405361841
67.3033935344	-6.8741135226	28.3410699862
67.3035504747	-7.3741132130	28.3416037883
67.3037074150	-7.8741129034	28.3421375904
67.3038643553	-8.3741125939	28.3426713925
67.3040212957	-8.8741122843	28.3432051946
67.3069483258	-9.3741035848	28.3428420415
67.3098753560	-9.8740948854	28.3424788883
67.3128023862	-10.3740861859	28.3421157352
67.3157294164	-10.8740774865	28.3417525821
67.3186564466	-11.3740687870	28.3413894289
67.3215834768	-11.8740600875	28.3410262758
67.3245105070	-12.3740513881	28.3406631226
67.3274375371	-12.8740426886	28.3402999695
67.3303645673	-13.3740339891	28.3399368164
67.3332915975	-13.8740252897	28.3395736632
67.3362186277	-14.3740165902	28.3392105101
67.3391456579	-14.8740078908	28.3388473569
67.3420726881	-15.3739991913	28.3384842038
67.3449997182	-15.8739904918	28.3381210506
67.3479267484	-16.3739817924	28.3377578975
67.3508537786	-16.8739730929	28.3373947444
67.3537808088	-17.3739643935	28.3370315912
67.3567078390	-17.8739556940	28.3366684381
67.3596348692	-18.3739469945	28.3363052849
67.3625618993	-18.8739382951	28.3359421318
67.3654889295	-19.3739295956	28.3355789786
67.3684159597	-19.8739208961	28.3352158255
67.3713429899	-20.3739121967	28.3348526724
67.3742700201	-20.8739034972	28.3344895192
67.3755931977	-21.3739014603	28.3350244592
67.3769163754	-21.8738994233	28.3355593991
67.3782395530	-22.3738973863	28.3360943391
67.3795627306	-22.8738953494	28.3366292790
67.3808859083	-23.3738933124	28.3371642190
67.3822090859	-23.8738912754	28.3376991589
67.3835322636	-24.3738892385	28.3382340988
67.3848554412	-24.8738872015	28.3387690388
67.3861786189	-25.3738851645	28.3393039787
67.3875017965	-25.8738831276	28.3398389187
67.3888249741	-26.3738810906	28.3403738586
67.3901481518	-26.8738790537	28.3409087986
67.3914713294	-27.3738770167	28.3414437385
67.3927945071	-27.8738749797	28.3419786785
67.3941176847	-28.3738729428	28.3425136184
67.3954408624	-28.8738709058	28.3430485584
67.3978360689	-29.3738647924	28.3424351135
67.4002312755	-29.8738586791	28.3418216687
67.4026264821	-30.3738525657	28.3412082238
67.4050216887	-30.8738464523	28.3405947789
67.4074168953	-31.3738403390	28.3399813341
67.4098121019	-31.8738342256	28.3393678892
67.4122073085	-32.3738281122	28.3387544444
67.4146025151	-32.8738219989	28.3381409995
67.4169977216	-33.3738158855	28.3375275547
67.4193929282	-33.8738097721	28.3369141098
67.4217881348	-34.3738036588	28.3363006649
67.4241833414	-34.8737975454	28.3356872201
67.4265785480	-35.3737914320	28.3350737752
67.4289737546	-35.8737853187	28.3344603304
67.4313689612	-36.3737792053	28.3338468855
67.4337641678	-36.8737730919	28.3332334406
67.4361593743	-37.3737669786	28.3326199958
67.4385545809	-37.8737608652	28.3320065509
67.4409497875	-38.3737547518	28.3313931061
67.4433449941	-38.8737486385	28.3307796612
67.4457402007	-39.3737425251	28.3301662164
67.4481354073	-39.8737364117	28.3295527715
67.4505306139	-40.3737302984	28.3289393266
67.4529258205	-40.8737241850	28.3283258818
67.4542939654	-41.3737205592	28.3296502618
67.4556621103	-41.8737169334	28.3309746419
67.4570302552	-42.3737133076	28.3322990220
67.4583984002	-42.8737096817	28.3336234020
67.4597665451	-43.3737060559	28.3349477821
67.4611346900	-43.8737024301	28.3362721621
67.4625028349	-44.3736988043	28.3375965422
67.4638709798	-44.8736951785	28.3389209222
67.4652391248	-45.3736915527	28.3402453023
67.4666072697	-45.8736879268	28.3415696824
67.4679754146	-46.3736843010	28.3428940624
67.4693435595	-46.8736806752	28.3442184425
67.4707117045	-47.3736770494	28.3455428225
67.4720798494	-47.8736734236	28.3468672026
67.4734479943	-48.3736697978	28.3481915826
67.4748161392	-48.8736661719	28.3495159627
67.4761842841	-49.3736625461	28.3508403428
67.4779340733	-49.8736572219	28.3523444922
67.4796838625	-50.3736518976	28.3538486417
67.4814336517	-50.8736465734	28.3553527912
67.4831834409	-51.3736412491	28.3568569407
67.4849332301	-51.8736359248	28.3583610901
67.4866830193	-52.3736306006	28.3598652396
67.4884328085	-52.8736252763	28.3613693891
67.4901825977	-53.3736199521	28.3628735385
67.4919323869	-53.8736146278	28.3643776880
67.4936821761	-54.3736093036	28.3658818375
67.4954319653	-54.8736039793	28.3673859870
67.4971817545	-55.3735986550	28.3688901364
67.4989315437	-55.8735933308	28.3703942859
67.5006813329	-56.3735880065	28.3718984354
67.5024311221	-56.8735826823	28.3734025849
67.5041809113	-57.3735773580	28.3749067343
67.5059307005	-57.8735720338	28.3764108838
67.5076804897	-58.3735667095	28.3779150333
67.5094302789	-58.8735613853	28.3794191828
67.5111800681	-59.3735560610	28.3809233322
67.5129298573	-59.8735507367	28.3824274817
67.5146796465	-60.3735454125	28.3839316312
67.5164294357	-60.8735400882	28.3854357807
67.5201559021	-61.3735106284	28.3814895909
67.5238823684	-61.8734811686	28.3775434012
67.5276088348	-62.3734517087	28.3735972115
67.5313353011	-62.8734222489	28.3696510217
67.5350617675	-63.3733927891	28.3657048320
67.5387882338	-63.8733633292	28.3617586423
67.5425147002	-64.3733338694	28.3578124525
67.5462411665	-64.8733044096	28.3538662628
67.5523351628	-65.3732665767	28.3530328176
67.5584291591	-65.8732287439	28.3521993724
67.5645231554	-66.3731909110	28.3513659272
67.5706171516	-66.8731530782	28.3505324820
67.5767111479	-67.3731152453	28.3496990368
67.5828051442	-67.8730774125	28.3488655917
67.5888991405	-68.3730395796	28.3480321465
67.5949931367	-68.8730017467	28.3471987013
67.6010871330	-69.3729639139	28.3463652561
67.6032652718	-69.8729591057	28.3466180508
67.6054434106	-70.3729542975	28.3468708454
67.6076215494	-70.8729494892	28.3471236401
67.6097996882	-71.3729446810	28.3473764348
67.6119778270	-71.8729398728	28.3476292295
67.6141559658	-72.3729350646	28.3478820242
67.6163341046	-72.8729302564	28.3481348189
67.6185122434	-73.3729254482	28.3483876135
67.6206903822	-73.8729206399	28.3486404082
67.6228685210	-74.3729158317	28.3488932029
67.6250466598	-74.8729110235	28.3491459976
67.6272247986	-75.3729062153	28.3493987923
67.6294029373	-75.8729014071	28.3496515870
67.6315810761	-76.3728965989	28.3499043816
67.6337592149	-76.8728917906	28.3501571763
67.6359373537	-77.3728869824	28.3504099710
67.6381154925	-77.8728821742	28.3506627657
67.6402936313	-78.3728773660	28.3509155604
67.6424717701	-78.8728725578	28.3511683551
67.6446499089	-79.3728677496	28.3514211498
67.6468280477	-79.8728629413	28.3516739444
67.6490061865	-80.3728581331	28.3519267391
67.6511843253	-80.8728533249	28.3521795338
67.6533624641	-81.3728485167	28.3524323285
67.6571617522	-81.8728340410	28.3522302254
67.6609610402	-82.3728195654	28.3520281223
67.6647603283	-82.8728050898	28.3518260192
67.6685596164	-83.3727906141	28.3516239161
67.6723589044	-83.8727761385	28.3514218129
67.6761581925	-84.3727616628	28.3512197098
67.6799574806	-84.8727471872	28.3510176067
67.6837567686	-85.3727327115	28.3508155036
67.6875560567	-85.8727182359	28.3506134005
67.6867612773	-86.3727175579	28.3508286589
67.6859664979	-86.8727168799	28.3510439174
67.6851717185	-87.3727162019	28.3512591758
67.6843769391	-87.8727155238	28.3514744342
67.6835821597	-88.3727148458	28.3516896926
67.6827873802	-88.8727141678	28.3519049511
67.6819926008	-89.3727134898	28.3521202095
67.6845800233	-89.8727066533	28.3517437514
67.6871674457	-90.3726998168	28.3513672933
67.6897548682	-90.8726929802	28.3509908352
67.6923422907	-91.3726861437	28.3506143771
67.6949297131	-91.8726793072	28.3502379190
67.6975171356	-92.3726724707	28.3498614609
67.7001045580	-92.8726656341	28.3494850028
67.7026919805	-93.3726587976	28.3491085447
67.7052794029	-93.8726519611	28.3487320866
67.7078668254	-94.3726451246	28.3483556285
67.7104542478	-94.8726382881	28.3479791704
67.7130416703	-95.3726314515	28.3476027122
67.7156290928	-95.8726246150	28.3472262541
67.7182165152	-96.3726177785	28.3468497960
67.7208039377	-96.8726109420	28.3464733379
67.7233913601	-97.3726041054	28.3460968798
67.7259787826	-97.8725972689	28.3457204217
67.7285662050	-98.3725904324	28.3453439636
67.7311536275	-98.8725835959	28.3449675055
67.7337410499	-99.3725767594	28.3445910474
67.7363284724	-99.8725699228	28.3442145893
67.7389158949	-100.3725630863	28.3438381312
67.7415033173	-100.8725562498	28.3434616731
67.7440907398	-101.3725494133	28.3430852150
67.7468803795	-101.8725413461	28.3425513794
67.7496700192	-102.3725332790	28.3420175437
67.7524596589	-102.8725252119	28.3414837080
67.7552492986	-103.3725171447	28.3409498724
67.7580389383	-103.8725090776	28.3404160367
67.7608285780	-104.3725010105	28.3398822011
67.7636182176	-104.8724929433	28.3393483654
67.7664078573	-105.3724848762	28.3388145297
67.7691974970	-105.8724768091	28.3382806941
67.7699288192	-106.3724744910	28.3369453266
67.7706601414	-106.8724721730	28.3356099591
67.7713914635	-107.3724698549	28.3342745917
67.7721227857	-107.8724675369	28.3329392242
67.7728541079	-108.3724652188	28.3316038567
67.7735854300	-108.8724629008	28.3302684892
67.7743167522	-109.3724605827	28.3289331218
67.7766508097	-109.8724550664	28.3286713447
67.7789848673	-110.3724495500	28.3284095677
67.7813189248	-110.8724440336	28.3281477906
67.7836529824	-111.3724385172	28.3278860135
67.7859870399	-111.8724330008	28.3276242365
67.7883210974	-112.3724274845	28.3273624594
67.7906551550	-112.8724219681	28.3271006824
67.7929892125	-113.3724164517	28.3268389053
67.7953232701	-113.8724109353	28.3265771283
67.7976573276	-114.3724054189	28.3263153512
67.7999913851	-114.8723999025	28.3260535742
67.8023254427	-115.3723943862	28.3257917971
67.8046595002	-115.8723888698	28.3255300201
67.8069935577	-116.3723833534	28.3252682430
67.8093276153	-116.8723778370	28.3250064660
67.8116616728	-117.3723723206	28.3247446889
67.8139957304	-117.8723668042	28.3244829119
67.8163297879	-118.3723612879	28.3242211348
67.8186638454	-118.8723557715	28.3239593578
67.8209979030	-119.3723502551	28.3236975807
67.8233319605	-119.8723447387	28.3234358037
67.8256660181	-120.3723392223	28.3231740266
67.8280000756	-120.8723337060	28.3229122496
67.8313075281	-121.3723227474	28.3227737833
67.8346149806	-121.8723117889	28.3226353170
67.8379224331	-122.3723008303	28.3224968508
67.8412298856	-122.8722898718	28.3223583845
67.8445373382	-123.3722789133	28.3222199182
67.8478447907	-123.8722679547	28.3220814520
67.8511522432	-124.3722569962	28.3219429857
67.8544596957	-124.8722460377	28.3218045194
67.8577671482	-125.3722350791	28.3216660532
67.8610746007	-125.8722241206	28.3215275869
67.8676858703	-126.3721790323	28.3203539510
67.8742971399	-126.8721339439	28.3191803151
67.8809084095	-127.3720888556	28.3180066793
67.8875196791	-127.8720437672	28.3168330434
67.8941309488	-128.3719986789	28.3156594075
67.9007422184	-128.8719535906	28.3144857716
67.9073534880	-129.3719085022	28.3133121357
67.9094047953	-129.8719036933	28.3140874278
67.9114561025	-130.3718988843	28.3148627198
67.9135074098	-130.8718940753	28.3156380119
67.9155587171	-131.3718892664	28.3164133039
67.9176100244	-131.8718844574	28.3171885960
67.9196613317	-132.3718796484	28.3179638880
67.9217126389	-132.8718748395	28.3187391801
67.9237639462	-133.3718700305	28.3195144721
67.9258152535	-133.8718652216	28.3202897641
67.9278665608	-134.3718604126	28.3210650562
67.9299178681	-134.8718556036	28.3218403482
67.9319691753	-135.3718507947	28.3226156403
67.9340204826	-135.8718459857	28.3233909323
67.9360717899	-136.3718411767	28.3241662244
67.9381230972	-136.8718363678	28.3249415164
67.9401744045	-137.3718315588	28.3257168085
67.9422257117	-137.8718267499	28.3264921005
67.9442770190	-138.3718219409	28.3272673926
67.9463283263	-138.8718171319	28.3280426846
67.9587820789	-139.3716619701	28.3282470384
67.9712358314	-139.8715068084	28.3284513922
67.9836895840	-140.3713516466	28.3286557460
67.9961433365	-140.8711964848	28.3288600998
68.0085970891	-141.3710413230	28.3290644536
68.0210508417	-141.8708861612	28.3292688074
68.0335045942	-142.3707309994	28.3294731612
68.0459583468	-142.8705758376	28.3296775150
68.0464246559	-142.8892916604	28.3296851667
68.0600625998	-143.3890901821	28.3336150722
68.0737005437	-143.8888887039	28.3375449777
68.0873384876	-144.3886872256	28.3414748833
68.1009764315	-144.8884857473	28.3454047888
68.1241376300	-145.3879485842	28.3447464070
68.1472988286	-145.8874114211	28.3440880253
68.1704600272	-146.3868742579	28.3434296436
68.1936212257	-146.8863370948	28.3427712618
68.2167824243	-147.3857999317	28.3421128801
68.2399436229	-147.8852627686	28.3414544984
68.2765729549	-148.3839189031	28.3420474313
68.3132022869	-148.8825750375	28.3426403643
68.3498316189	-149.3812311720	28.3432332973
68.3864609510	-149.8798873065	28.3438262303
68.4230902830	-150.3785434410	28.3444191633
68.4695078933	-150.8763823555	28.3457684796
68.5159255036	-151.3742212700	28.3471177960
68.5623431139	-151.8720601845	28.3484671123
68.6087607242	-152.3698990990	28.3498164287
68.6551783345	-152.8677380136	28.3511657451
68.7015959448	-153.3655769281	28.3525150614
68.7480135552	-153.8634158426	28.3538643778
68.7944311655	-154.3612547571	28.3552136941
68.8420622918	-154.8589800606	28.3543203718
68.8896934182	-155.3567053641	28.3534270495
68.9373245446	-155.8544306677	28.3525337272
68.9849556710	-156.3521559712	28.3516404048
69.0325867974	-156.8498812747	28.3507470825
69.0802179237	-157.3476065783	28.3498537602
69.1278490501	-157.8453318818	28.3489604379
69.1754801765	-158.3430571853	28.3480671156
69.2231113029	-158.8407824889	28.3471737933
69.2707424292	-159.3385077924	28.3462804709
69.3183735556	-159.8362330959	28.3453871486
69.3660046820	-160.3339583995	28.3444938263
69.4136358084	-160.8316837030	28.3436005040
69.4612669348	-161.3294090065	28.3427071817
69.5088980611	-161.8271343100	28.3418138594
69.5606752984	-162.3244451954	28.3408133555
69.6124525357	-162.8217560808	28.3398128516
69.6642297730	-163.3190669661	28.3388123477
69.7160070102	-163.8163778515	28.3378118438
69.7677842475	-164.3136887368	28.3368113399
69.8195614848	-164.8109996222	28.3358108360
69.8713387221	-165.3083105075	28.3348103321
69.9231159593	-165.8056213929	28.3338098282
69.9748931966	-166.3029322782	28.3328093243
70.0266704339	-166.8002431636	28.3318088204
70.0784476712	-167.2975540489	28.3308083165
70.1302249084	-167.7948649343	28.3298078126
70.1820021457	-168.2921758197	28.3288073087
70.2337793830	-168.7894867050	28.3278068048
70.2855566203	-169.2867975904	28.3268063009
70.3373338575	-169.7841084757	28.3258057970
70.3891110948	-170.2814193611	28.3248052931
70.4408883321	-170.7787302464	28.3238047892
70.4882644710	-171.2764729334	28.3265831058
70.5356406099	-171.7742156203	28.3293614223
70.5830167488	-172.2719583073	28.3321397389
70.6303928877	-172.7697009943	28.3349180554
70.6777690266	-173.2674436812	28.3376963720
70.7251451655	-173.7651863682	28.3404746885
70.7725213044	-174.2629290551	28.3432530051
70.8198974433	-174.7606717421	28.3460313216
70.8672735822	-175.2584144290	28.3488096382
70.9146497211	-175.7561571160	28.3515879547
70.9620258600	-176.2538998030	28.3543662713
71.0094019989	-176.7516424899	28.3571445878
71.0567781378	-177.2493851769	28.3599229044
71.1041542767	-177.7471278638	28.3627012209
71.1513039751	-178.2448997728	28.3625205559
71.1984536734	-178.7426716817	28.3623398909
71.2456033718	-179.2404435906	28.3621592259
71.2927530701	-179.7382154995	28.3619785609
71.3399027685	-180.2359874084	28.3617978959
71.3870524668	-180.7337593173	28.3616172309
71.4342021652	-181.2315312262	28.3614365659
71.4813518636	-181.7293031352	28.3612559009
71.5285015619	-182.2270750441	28.3610752359
71.5756512603	-182.7248469530	28.3608945709
71.6228009586	-183.2226188619	28.3607139059
71.6699506570	-183.7203907708	28.3605332409
71.7171003553	-184.2181626797	28.3603525759
71.7642500537	-184.7159345887	28.3601719109
71.8113997521	-185.2137064976	28.3599912459
71.8687607447	-185.7104014086	28.3619614884
71.9261217374	-186.2070963197	28.3639317309
71.9834827300	-186.7037912307	28.3659019734
72.0408437227	-187.2004861418	28.3678722159
72.0982047153	-187.6971810528	28.3698424584
72.1555657080	-188.1938759639	28.3718127009
72.2129267007	-188.6905708749	28.3737829434
72.2663868954	-189.1877046303	28.3735909555
72.3198470902	-189.6848383857	28.3733989676
72.3733072850	-190.1819721410	28.3732069797
72.4267674798	-190.6791058964	28.3730149918
72.4802276745	-191.1762396517	28.3728230039
72.5336878693	-191.6733734071	28.3726310160
72.5871480641	-192.1705071624	28.3724390281
72.6406082589	-192.6676409178	28.3722470402
72.6940684536	-193.1647746731	28.3720550523
72.7475286484	-193.6619084285	28.3718630643
72.8009888432	-194.1590421839	28.3716710764
72.8544490380	-194.6561759392	28.3714790885
72.9079092327	-195.1533096946	28.3712871006
72.9613694275	-195.6504434499	28.3710951127
73.0148296223	-196.1475772053	28.3709031248
73.0682898171	-196.6447109606	28.3707111369
73.1217500118	-197.1418447160	28.3705191490
73.1752102066	-197.6389784714	28.3703271611
73.2286704014	-198.1361122267	28.3701351732
73.2821305962	-198.6332459821	28.3699431852
73.3355907909	-199.1303797374	28.3697511973
73.3890509857	-199.6275134928	28.3695592094
73.4435018854	-200.1245397056	28.3693510142
73.4979527851	-200.6215659183	28.3691428189
73.5524036848	-201.1185921311	28.3689346237
73.6068545844	-201.6156183439	28.3687264285
73.6613054841	-202.1126445566	28.3685182332
73.7157563838	-202.6096707694	28.3683100380
73.7702072835	-203.1066969822	28.3681018427
73.8246581832	-203.6037231949	28.3678936475
73.8791090828	-204.1007494077	28.3676854523
73.9335599825	-204.5977756205	28.3674772570
73.9880108822	-205.0948018332	28.3672690618
74.0424617819	-205.5918280460	28.3670608665
74.0969126816	-206.0888542588	28.3668526713
74.1513635812	-206.5858804715	28.3666444761
74.2058144809	-207.0829066843	28.3664362808
74.2602653806	-207.5799328971	28.3662280856
74.3147162803	-208.0769591098	28.3660198903
74.3691671800	-208.5739853226	28.3658116951
74.4236180797	-209.0710115354	28.3656034998
74.4780689793	-209.5680377482	28.3653953046
74.5325198790	-210.0650639609	28.3651871094
74.5869707787	-210.5620901737	28.3649789141
74.6414216784	-211.0591163865	28.3647707189
74.6958725781	-211.5561425992	28.3645625236
74.7503234777	-212.0531688120	28.3643543284
74.8047743774	-212.5501950248	28.3641461332
74.8618393884	-213.0469250321	28.3658444713
74.9189043993	-213.5436550394	28.3675428094
74.9759694102	-214.0403850467	28.3692411476
75.0330344212	-214.5371150540	28.3709394857
75.0900994321	-215.0338450614	28.3726378239
75.1471644431	-215.5305750687	28.3743361620
75.2042294540	-216.0273050760	28.3760345001
75.2612944649	-216.5240350833	28.3777328383
75.3183594759	-217.0207650907	28.3794311764
75.3754244868	-217.5174950980	28.3811295145
75.4142037028	-217.8550539613	28.3822836407
